Date,Device ID,Device,User Group,User,Event
2024-11-08 08:29:14,542198617,FaceStation 2 542198617 (192.168.8.205),All Users,200385,1:N authentication succeeded (Face)
2024-11-08 08:25:25,542198617,FaceStation 2 542198617 (192.168.8.205),All Users,993001023,1:N authentication succeeded (Face)
2024-11-08 08:23:03,542198617,FaceStation 2 542198617 (192.168.8.205),All Users,200386,1:N authentication succeeded (Face)
2024-11-08 08:20:34,542198617,FaceStation 2 542198617 (192.168.8.205),All Users,200074,1:N authentication succeeded (Face)
2024-11-08 08:20:10,542198617,FaceStation 2 542198617 (192.168.8.205),All Users,200064,1:N authentication succeeded (Face)
2024-11-08 08:12:30,542198617,FaceStation 2 542198617 (192.168.8.205),All Users,200413,1:N authentication succeeded (Face)
2024-11-08 08:12:27,542198617,FaceStation 2 542198617 (192.168.8.205),All Users,200413,1:N authentication succeeded (Face)
2024-11-08 08:12:24,542198617,FaceStation 2 542198617 (192.168.8.205),All Users,200166,1:N authentication succeeded (Face)
2024-11-08 08:10:35,542198617,FaceStation 2 542198617 (192.168.8.205),All Users,200425,1:N authentication succeeded (Face)
2024-11-08 08:10:24,542198617,FaceStation 2 542198617 (192.168.8.205),All Users,200359,1:N authentication succeeded (Face)
2024-11-08 08:10:21,542198617,FaceStation 2 542198617 (192.168.8.205),All Users,200359,1:N authentication succeeded (Face)
2024-11-08 08:10:19,542198617,FaceStation 2 542198617 (192.168.8.205),All Users,200359,1:N authentication succeeded (Face)
2024-11-08 08:08:36,542198617,FaceStation 2 542198617 (192.168.8.205),All Users,200415,1:N authentication succeeded (Face)
2024-11-08 08:08:34,542198617,FaceStation 2 542198617 (192.168.8.205),All Users,200415,1:N authentication succeeded (Face)
2024-11-08 08:08:31,542198617,FaceStation 2 542198617 (192.168.8.205),All Users,200416,1:N authentication succeeded (Face)
2024-11-08 08:08:28,542198617,FaceStation 2 542198617 (192.168.8.205),All Users,200416,1:N authentication succeeded (Face)
2024-11-08 08:08:26,542198617,FaceStation 2 542198617 (192.168.8.205),,,BioStar connected
2024-11-08 08:07:09,542198617,FaceStation 2 542198617 (192.168.8.205),All Users,200427,1:N authentication succeeded (Face)
2024-11-08 08:05:50,542198617,FaceStation 2 542198617 (192.168.8.205),All Users,200342,1:N authentication succeeded (Face)
2024-11-08 08:05:40,542198617,FaceStation 2 542198617 (192.168.8.205),All Users,200066,1:N authentication succeeded (Face)
2024-11-08 08:05:23,542198617,FaceStation 2 542198617 (192.168.8.205),All Users,200352,1:N authentication succeeded (Face)
2024-11-08 08:05:20,542198617,FaceStation 2 542198617 (192.168.8.205),All Users,200352,1:N authentication succeeded (Face)
2024-11-08 08:05:17,542198617,FaceStation 2 542198617 (192.168.8.205),All Users,200222,1:N authentication succeeded (Face)
2024-11-08 08:05:15,542198617,FaceStation 2 542198617 (192.168.8.205),All Users,200222,1:N authentication succeeded (Face)
2024-11-08 08:05:03,542198617,FaceStation 2 542198617 (192.168.8.205),All Users,200441,1:N authentication succeeded (Face)
2024-11-08 08:05:00,542198617,FaceStation 2 542198617 (192.168.8.205),All Users,200441,1:N authentication succeeded (Face)
2024-11-08 08:04:17,542198617,FaceStation 2 542198617 (192.168.8.205),All Users,200031,1:N authentication succeeded (Face)
2024-11-08 08:03:54,542198617,FaceStation 2 542198617 (192.168.8.205),All Users,200072,1:N authentication succeeded (Face)
2024-11-08 08:03:25,542198617,FaceStation 2 542198617 (192.168.8.205),All Users,200434,1:N authentication succeeded (Face)
2024-11-08 08:02:18,542198617,FaceStation 2 542198617 (192.168.8.205),All Users,200437,1:N authentication succeeded (Face)
2024-11-08 08:01:36,542198617,FaceStation 2 542198617 (192.168.8.205),All Users,200001,1:N authentication succeeded (Face)
2024-11-08 08:01:34,542198617,FaceStation 2 542198617 (192.168.8.205),All Users,200001,1:N authentication succeeded (Face)
2024-11-08 08:00:56,542198617,FaceStation 2 542198617 (192.168.8.205),All Users,200110,1:N authentication succeeded (Face)
2024-11-08 08:00:47,542198617,FaceStation 2 542198617 (192.168.8.205),All Users,200329,1:N authentication succeeded (Face)
2024-11-08 08:00:20,542198617,FaceStation 2 542198617 (192.168.8.205),All Users,200422,1:N authentication succeeded (Face)
2024-11-08 07:59:37,542198617,FaceStation 2 542198617 (192.168.8.205),All Users,200439,1:N authentication succeeded (Face)
2024-11-08 07:59:35,542198617,FaceStation 2 542198617 (192.168.8.205),All Users,200439,1:N authentication succeeded (Face)
2024-11-08 07:59:16,542198617,FaceStation 2 542198617 (192.168.8.205),All Users,200186,1:N authentication succeeded (Face)
2024-11-08 07:58:58,542198617,FaceStation 2 542198617 (192.168.8.205),All Users,200395,1:N authentication succeeded (Face)
2024-11-08 07:58:55,542198617,FaceStation 2 542198617 (192.168.8.205),All Users,200395,1:N authentication succeeded (Face)
2024-11-08 07:58:49,542198617,FaceStation 2 542198617 (192.168.8.205),All Users,200153,1:N authentication succeeded (Face)
2024-11-08 07:58:44,542198617,FaceStation 2 542198617 (192.168.8.205),All Users,200015,1:N authentication succeeded (Face)
2024-11-08 07:58:42,542198617,FaceStation 2 542198617 (192.168.8.205),All Users,200015,1:N authentication succeeded (Face)
2024-11-08 07:58:36,542198617,FaceStation 2 542198617 (192.168.8.205),All Users,200422,1:N authentication succeeded (Face)
2024-11-08 07:58:33,542198617,FaceStation 2 542198617 (192.168.8.205),All Users,200028,1:N authentication succeeded (Face)
2024-11-08 07:58:30,542198617,FaceStation 2 542198617 (192.168.8.205),All Users,200028,1:N authentication succeeded (Face)
2024-11-08 07:58:17,542198617,FaceStation 2 542198617 (192.168.8.205),All Users,200023,1:N authentication succeeded (Face)
2024-11-08 07:58:14,542198617,FaceStation 2 542198617 (192.168.8.205),All Users,200023,1:N authentication succeeded (Face)
2024-11-08 07:58:11,542198617,FaceStation 2 542198617 (192.168.8.205),All Users,200418,1:N authentication succeeded (Face)
2024-11-08 07:58:07,542198617,FaceStation 2 542198617 (192.168.8.205),All Users,200440,1:N authentication succeeded (Face)
2024-11-08 07:58:04,542198617,FaceStation 2 542198617 (192.168.8.205),All Users,200440,1:N authentication succeeded (Face)
2024-11-08 07:57:29,542198617,FaceStation 2 542198617 (192.168.8.205),All Users,200372,1:N authentication succeeded (Face)
2024-11-08 07:57:27,542198617,FaceStation 2 542198617 (192.168.8.205),All Users,200372,1:N authentication succeeded (Face)
2024-11-08 07:56:18,542198617,FaceStation 2 542198617 (192.168.8.205),All Users,200391,1:N authentication succeeded (Face)
2024-11-08 07:56:15,542198617,FaceStation 2 542198617 (192.168.8.205),All Users,200391,1:N authentication succeeded (Face)
2024-11-08 07:55:32,542198617,FaceStation 2 542198617 (192.168.8.205),All Users,200357,1:N authentication succeeded (Face)
2024-11-08 07:55:30,542198617,FaceStation 2 542198617 (192.168.8.205),All Users,200357,1:N authentication succeeded (Face)
2024-11-08 07:53:44,542198617,FaceStation 2 542198617 (192.168.8.205),All Users,200091,1:N authentication succeeded (Face)
2024-11-08 07:53:41,542198617,FaceStation 2 542198617 (192.168.8.205),All Users,200091,1:N authentication succeeded (Face)
2024-11-08 07:53:38,542198617,FaceStation 2 542198617 (192.168.8.205),All Users,200348,1:N authentication succeeded (Face)
2024-11-08 07:53:35,542198617,FaceStation 2 542198617 (192.168.8.205),All Users,200348,1:N authentication succeeded (Face)
2024-11-08 07:53:16,542198617,FaceStation 2 542198617 (192.168.8.205),All Users,200242,1:N authentication succeeded (Face)
2024-11-08 07:52:43,542198617,FaceStation 2 542198617 (192.168.8.205),All Users,200011,1:N authentication succeeded (Face)
2024-11-08 07:52:41,542198617,FaceStation 2 542198617 (192.168.8.205),All Users,200011,1:N authentication succeeded (Face)
2024-11-08 07:52:09,542198617,FaceStation 2 542198617 (192.168.8.205),All Users,200367,1:N authentication succeeded (Face)
2024-11-08 07:52:06,542198617,FaceStation 2 542198617 (192.168.8.205),All Users,200367,1:N authentication succeeded (Face)
2024-11-08 07:51:00,542198617,FaceStation 2 542198617 (192.168.8.205),All Users,200408,1:N authentication succeeded (Face)
2024-11-08 07:50:55,542198617,FaceStation 2 542198617 (192.168.8.205),All Users,200330,1:N authentication succeeded (Face)
2024-11-08 07:50:27,542198617,FaceStation 2 542198617 (192.168.8.205),All Users,200376,1:N authentication succeeded (Face)
2024-11-08 07:50:09,542198617,FaceStation 2 542198617 (192.168.8.205),All Users,993001024,1:N authentication succeeded (Face)
2024-11-08 07:49:54,542198617,FaceStation 2 542198617 (192.168.8.205),All Users,200174,1:N authentication succeeded (Face)
2024-11-08 07:49:52,542198617,FaceStation 2 542198617 (192.168.8.205),All Users,200174,1:N authentication succeeded (Face)
2024-11-08 07:49:49,542198617,FaceStation 2 542198617 (192.168.8.205),All Users,200174,1:N authentication succeeded (Face)
2024-11-08 07:49:32,542198617,FaceStation 2 542198617 (192.168.8.205),All Users,200346,1:N authentication succeeded (Face)
2024-11-08 07:46:36,542198617,FaceStation 2 542198617 (192.168.8.205),All Users,200294,1:N authentication succeeded (Face)
2024-11-08 07:46:34,542198617,FaceStation 2 542198617 (192.168.8.205),All Users,200294,1:N authentication succeeded (Face)
2024-11-08 07:46:29,542198617,FaceStation 2 542198617 (192.168.8.205),All Users,200042,1:N authentication succeeded (Face)
2024-11-08 07:46:25,542198617,FaceStation 2 542198617 (192.168.8.205),All Users,200042,1:N authentication succeeded (Face)
2024-11-08 07:46:20,542198617,FaceStation 2 542198617 (192.168.8.205),All Users,200401,1:N authentication succeeded (Face)
2024-11-08 07:46:17,542198617,FaceStation 2 542198617 (192.168.8.205),All Users,200402,1:N authentication succeeded (Face)
2024-11-08 07:24:42,542198617,FaceStation 2 542198617 (192.168.8.205),All Users,200062,1:N authentication succeeded (Face)
2024-11-08 07:24:40,542198617,FaceStation 2 542198617 (192.168.8.205),All Users,200062,1:N authentication succeeded (Face)
2024-11-08 07:24:21,542198617,FaceStation 2 542198617 (192.168.8.205),All Users,200368,1:N authentication succeeded (Face)
2024-11-08 07:24:19,542198617,FaceStation 2 542198617 (192.168.8.205),All Users,200368,1:N authentication succeeded (Face)
2024-11-08 07:23:55,542198617,FaceStation 2 542198617 (192.168.8.205),All Users,200337,1:N authentication succeeded (Face)
2024-11-08 07:23:52,542198617,FaceStation 2 542198617 (192.168.8.205),All Users,200337,1:N authentication succeeded (Face)
2024-11-08 07:14:30,542198617,FaceStation 2 542198617 (192.168.8.205),All Users,200398,1:N authentication succeeded (Face)
2024-11-08 07:05:02,542198617,FaceStation 2 542198617 (192.168.8.205),All Users,200003,1:N authentication succeeded (Face)
2024-11-08 07:05:00,542198617,FaceStation 2 542198617 (192.168.8.205),All Users,200003,1:N authentication succeeded (Face)
2024-11-08 07:00:45,542198617,FaceStation 2 542198617 (192.168.8.205),All Users,200389,1:N authentication succeeded (Face)
2024-11-08 07:00:42,542198617,FaceStation 2 542198617 (192.168.8.205),All Users,200389,1:N authentication succeeded (Face)
2024-11-08 07:00:40,542198617,FaceStation 2 542198617 (192.168.8.205),All Users,200389,1:N authentication succeeded (Face)
2024-11-07 23:29:45,542198617,FaceStation 2 542198617 (192.168.8.205),All Users,200003,1:N authentication succeeded (Face)
2024-11-07 23:29:42,542198617,FaceStation 2 542198617 (192.168.8.205),All Users,200003,1:N authentication succeeded (Face)
2024-11-07 23:01:10,542198617,FaceStation 2 542198617 (192.168.8.205),All Users,200003,1:N authentication succeeded (Face)
2024-11-07 23:01:07,542198617,FaceStation 2 542198617 (192.168.8.205),All Users,200003,1:N authentication succeeded (Face)
2024-11-07 19:40:52,542198617,FaceStation 2 542198617 (192.168.8.205),,,BioStar disconnected
2024-11-07 19:01:13,542198617,FaceStation 2 542198617 (192.168.8.205),All Users,993001024,1:N authentication succeeded (Face)
2024-11-07 19:01:11,542198617,FaceStation 2 542198617 (192.168.8.205),All Users,993001024,1:N authentication succeeded (Face)
2024-11-07 19:01:08,542198617,FaceStation 2 542198617 (192.168.8.205),All Users,993001023,1:N authentication succeeded (Face)
2024-11-07 19:01:04,542198617,FaceStation 2 542198617 (192.168.8.205),All Users,993001023,1:N authentication succeeded (Face)
2024-11-07 19:00:59,542198617,FaceStation 2 542198617 (192.168.8.205),All Users,200003,1:N authentication succeeded (Face)
2024-11-07 19:00:57,542198617,FaceStation 2 542198617 (192.168.8.205),All Users,200003,1:N authentication succeeded (Face)
2024-11-07 19:00:55,542198617,FaceStation 2 542198617 (192.168.8.205),All Users,200003,1:N authentication succeeded (Face)
2024-11-07 18:22:32,542198617,FaceStation 2 542198617 (192.168.8.205),All Users,200398,1:N authentication succeeded (Face)
2024-11-07 18:00:40,542198617,FaceStation 2 542198617 (192.168.8.205),All Users,200359,1:N authentication succeeded (Face)
2024-11-07 18:00:38,542198617,FaceStation 2 542198617 (192.168.8.205),All Users,200359,1:N authentication succeeded (Face)
2024-11-07 18:00:35,542198617,FaceStation 2 542198617 (192.168.8.205),All Users,200359,1:N authentication succeeded (Face)
2024-11-07 18:00:33,542198617,FaceStation 2 542198617 (192.168.8.205),All Users,200359,1:N authentication succeeded (Face)
2024-11-07 18:00:04,542198617,FaceStation 2 542198617 (192.168.8.205),,,BioStar connected
2024-11-07 17:58:38,542198617,FaceStation 2 542198617 (192.168.8.205),All Users,200391,1:N authentication succeeded (Face)
2024-11-07 17:58:35,542198617,FaceStation 2 542198617 (192.168.8.205),All Users,200391,1:N authentication succeeded (Face)
2024-11-07 17:57:06,542198617,FaceStation 2 542198617 (192.168.8.205),All Users,200346,1:N authentication succeeded (Face)
2024-11-07 17:57:03,542198617,FaceStation 2 542198617 (192.168.8.205),All Users,200346,1:N authentication succeeded (Face)
2024-11-07 17:55:16,542198617,FaceStation 2 542198617 (192.168.8.205),All Users,200066,1:N authentication succeeded (Face)
2024-11-07 17:55:00,542198617,FaceStation 2 542198617 (192.168.8.205),All Users,200427,1:N authentication succeeded (Face)
2024-11-07 17:54:50,542198617,FaceStation 2 542198617 (192.168.8.205),All Users,200437,1:N authentication succeeded (Face)
2024-11-07 17:54:47,542198617,FaceStation 2 542198617 (192.168.8.205),All Users,200342,1:N authentication succeeded (Face)
2024-11-07 17:54:44,542198617,FaceStation 2 542198617 (192.168.8.205),All Users,200342,1:N authentication succeeded (Face)
2024-11-07 17:54:38,542198617,FaceStation 2 542198617 (192.168.8.205),All Users,200153,1:N authentication succeeded (Face)
2024-11-07 17:54:32,542198617,FaceStation 2 542198617 (192.168.8.205),All Users,200072,1:N authentication succeeded (Face)
2024-11-07 17:54:28,542198617,FaceStation 2 542198617 (192.168.8.205),All Users,200072,1:N authentication succeeded (Face)
2024-11-07 17:54:25,542198617,FaceStation 2 542198617 (192.168.8.205),All Users,200418,1:N authentication succeeded (Face)
2024-11-07 17:54:22,542198617,FaceStation 2 542198617 (192.168.8.205),All Users,200415,1:N authentication succeeded (Face)
2024-11-07 17:54:20,542198617,FaceStation 2 542198617 (192.168.8.205),All Users,200415,1:N authentication succeeded (Face)
2024-11-07 17:54:16,542198617,FaceStation 2 542198617 (192.168.8.205),All Users,200441,1:N authentication succeeded (Face)
2024-11-07 17:54:12,542198617,FaceStation 2 542198617 (192.168.8.205),All Users,200174,1:N authentication succeeded (Face)
2024-11-07 17:54:09,542198617,FaceStation 2 542198617 (192.168.8.205),All Users,200416,1:N authentication succeeded (Face)
2024-11-07 17:54:06,542198617,FaceStation 2 542198617 (192.168.8.205),All Users,200416,1:N authentication succeeded (Face)
2024-11-07 17:54:02,542198617,FaceStation 2 542198617 (192.168.8.205),All Users,200439,1:N authentication succeeded (Face)
2024-11-07 17:53:59,542198617,FaceStation 2 542198617 (192.168.8.205),All Users,200439,1:N authentication succeeded (Face)
2024-11-07 17:53:43,542198617,FaceStation 2 542198617 (192.168.8.205),All Users,200064,1:N authentication succeeded (Face)
2024-11-07 17:53:40,542198617,FaceStation 2 542198617 (192.168.8.205),All Users,200401,1:N authentication succeeded (Face)
2024-11-07 17:53:38,542198617,FaceStation 2 542198617 (192.168.8.205),All Users,200402,1:N authentication succeeded (Face)
2024-11-07 17:53:23,542198617,FaceStation 2 542198617 (192.168.8.205),All Users,200329,1:N authentication succeeded (Face)
2024-11-07 17:53:20,542198617,FaceStation 2 542198617 (192.168.8.205),All Users,200395,1:N authentication succeeded (Face)
2024-11-07 17:53:18,542198617,FaceStation 2 542198617 (192.168.8.205),All Users,200395,1:N authentication succeeded (Face)
2024-11-07 17:53:09,542198617,FaceStation 2 542198617 (192.168.8.205),All Users,200242,1:N authentication succeeded (Face)
2024-11-07 17:53:04,542198617,FaceStation 2 542198617 (192.168.8.205),All Users,200422,1:N authentication succeeded (Face)
2024-11-07 17:53:01,542198617,FaceStation 2 542198617 (192.168.8.205),All Users,200217,1:N authentication succeeded (Face)
2024-11-07 17:52:58,542198617,FaceStation 2 542198617 (192.168.8.205),All Users,200028,1:N authentication succeeded (Face)
2024-11-07 17:52:55,542198617,FaceStation 2 542198617 (192.168.8.205),All Users,200028,1:N authentication succeeded (Face)
2024-11-07 17:52:50,542198617,FaceStation 2 542198617 (192.168.8.205),All Users,200440,1:N authentication succeeded (Face)
2024-11-07 17:52:46,542198617,FaceStation 2 542198617 (192.168.8.205),All Users,200413,1:N authentication succeeded (Face)
2024-11-07 17:52:44,542198617,FaceStation 2 542198617 (192.168.8.205),All Users,200166,1:N authentication succeeded (Face)
2024-11-07 17:52:38,542198617,FaceStation 2 542198617 (192.168.8.205),All Users,200434,1:N authentication succeeded (Face)
2024-11-07 17:52:35,542198617,FaceStation 2 542198617 (192.168.8.205),All Users,200414,1:N authentication succeeded (Face)
2024-11-07 17:52:31,542198617,FaceStation 2 542198617 (192.168.8.205),All Users,200425,1:N authentication succeeded (Face)
2024-11-07 17:52:27,542198617,FaceStation 2 542198617 (192.168.8.205),All Users,200386,1:N authentication succeeded (Face)
2024-11-07 17:52:24,542198617,FaceStation 2 542198617 (192.168.8.205),All Users,200011,1:N authentication succeeded (Face)
2024-11-07 17:52:22,542198617,FaceStation 2 542198617 (192.168.8.205),All Users,200011,1:N authentication succeeded (Face)
2024-11-07 17:52:19,542198617,FaceStation 2 542198617 (192.168.8.205),All Users,200074,1:N authentication succeeded (Face)
2024-11-07 17:52:16,542198617,FaceStation 2 542198617 (192.168.8.205),All Users,200042,1:N authentication succeeded (Face)
2024-11-07 17:52:13,542198617,FaceStation 2 542198617 (192.168.8.205),All Users,200042,1:N authentication succeeded (Face)
2024-11-07 17:52:11,542198617,FaceStation 2 542198617 (192.168.8.205),All Users,200368,1:N authentication succeeded (Face)
2024-11-07 17:52:08,542198617,FaceStation 2 542198617 (192.168.8.205),All Users,200023,1:N authentication succeeded (Face)
2024-11-07 17:52:05,542198617,FaceStation 2 542198617 (192.168.8.205),All Users,200023,1:N authentication succeeded (Face)
2024-11-07 17:52:02,542198617,FaceStation 2 542198617 (192.168.8.205),All Users,200294,1:N authentication succeeded (Face)
2024-11-07 17:52:00,542198617,FaceStation 2 542198617 (192.168.8.205),All Users,200294,1:N authentication succeeded (Face)
2024-11-07 17:51:56,542198617,FaceStation 2 542198617 (192.168.8.205),All Users,200001,1:N authentication succeeded (Face)
2024-11-07 17:51:53,542198617,FaceStation 2 542198617 (192.168.8.205),All Users,200001,1:N authentication succeeded (Face)
2024-11-07 17:51:50,542198617,FaceStation 2 542198617 (192.168.8.205),All Users,200015,1:N authentication succeeded (Face)
2024-11-07 17:51:48,542198617,FaceStation 2 542198617 (192.168.8.205),All Users,200015,1:N authentication succeeded (Face)
2024-11-07 17:51:41,542198617,FaceStation 2 542198617 (192.168.8.205),All Users,200091,1:N authentication succeeded (Face)
2024-11-07 17:51:39,542198617,FaceStation 2 542198617 (192.168.8.205),All Users,200091,1:N authentication succeeded (Face)
2024-11-07 17:51:36,542198617,FaceStation 2 542198617 (192.168.8.205),All Users,200348,1:N authentication succeeded (Face)
2024-11-07 17:51:33,542198617,FaceStation 2 542198617 (192.168.8.205),All Users,200348,1:N authentication succeeded (Face)
2024-11-07 17:51:29,542198617,FaceStation 2 542198617 (192.168.8.205),All Users,200031,1:N authentication succeeded (Face)
2024-11-07 17:51:26,542198617,FaceStation 2 542198617 (192.168.8.205),All Users,200352,1:N authentication succeeded (Face)
2024-11-07 17:51:24,542198617,FaceStation 2 542198617 (192.168.8.205),All Users,200352,1:N authentication succeeded (Face)
2024-11-07 17:51:21,542198617,FaceStation 2 542198617 (192.168.8.205),All Users,200222,1:N authentication succeeded (Face)
2024-11-07 17:51:19,542198617,FaceStation 2 542198617 (192.168.8.205),All Users,200222,1:N authentication succeeded (Face)
2024-11-07 17:51:15,542198617,FaceStation 2 542198617 (192.168.8.205),All Users,200367,1:N authentication succeeded (Face)
2024-11-07 17:51:12,542198617,FaceStation 2 542198617 (192.168.8.205),All Users,200367,1:N authentication succeeded (Face)
2024-11-07 17:51:09,542198617,FaceStation 2 542198617 (192.168.8.205),All Users,200357,1:N authentication succeeded (Face)
2024-11-07 17:51:07,542198617,FaceStation 2 542198617 (192.168.8.205),All Users,200357,1:N authentication succeeded (Face)
2024-11-07 17:51:04,542198617,FaceStation 2 542198617 (192.168.8.205),All Users,200372,1:N authentication succeeded (Face)
2024-11-07 17:51:01,542198617,FaceStation 2 542198617 (192.168.8.205),All Users,200330,1:N authentication succeeded (Face)
2024-11-07 17:50:57,542198617,FaceStation 2 542198617 (192.168.8.205),All Users,200408,1:N authentication succeeded (Face)
2024-11-07 17:50:50,542198617,FaceStation 2 542198617 (192.168.8.205),All Users,200062,1:N authentication succeeded (Face)
2024-11-07 17:50:48,542198617,FaceStation 2 542198617 (192.168.8.205),All Users,200062,1:N authentication succeeded (Face)
2024-11-07 17:50:42,542198617,FaceStation 2 542198617 (192.168.8.205),All Users,200376,1:N authentication succeeded (Face)
2024-11-07 17:50:37,542198617,FaceStation 2 542198617 (192.168.8.205),All Users,200110,1:N authentication succeeded (Face)
2024-11-07 17:50:34,542198617,FaceStation 2 542198617 (192.168.8.205),All Users,200337,1:N authentication succeeded (Face)
2024-11-07 17:22:57,542198617,FaceStation 2 542198617 (192.168.8.205),,,BioStar disconnected
2024-11-07 14:12:53,542198617,FaceStation 2 542198617 (192.168.8.205),All Users,993001023,1:N authentication succeeded (Face)
2024-11-07 14:08:41,542198617,FaceStation 2 542198617 (192.168.8.205),All Users,200066,1:N authentication succeeded (Face)
2024-11-07 13:33:08,542198617,FaceStation 2 542198617 (192.168.8.205),All Users,200434,1:N authentication succeeded (Face)
2024-11-07 13:29:40,542198617,FaceStation 2 542198617 (192.168.8.205),All Users,993001023,1:N authentication succeeded (Face)
2024-11-07 13:19:18,542198617,FaceStation 2 542198617 (192.168.8.205),All Users,200422,1:N authentication succeeded (Face)
2024-11-07 13:19:15,542198617,FaceStation 2 542198617 (192.168.8.205),All Users,200242,1:N authentication succeeded (Face)
2024-11-07 13:18:43,542198617,FaceStation 2 542198617 (192.168.8.205),All Users,200001,1:N authentication succeeded (Face)
2024-11-07 13:18:38,542198617,FaceStation 2 542198617 (192.168.8.205),All Users,200074,1:N authentication succeeded (Face)
2024-11-07 13:18:10,542198617,FaceStation 2 542198617 (192.168.8.205),All Users,200342,1:N authentication succeeded (Face)
2024-11-07 13:18:07,542198617,FaceStation 2 542198617 (192.168.8.205),All Users,200342,1:N authentication succeeded (Face)
2024-11-07 13:17:37,542198617,FaceStation 2 542198617 (192.168.8.205),All Users,200003,1:N authentication succeeded (Face)
2024-11-07 13:17:35,542198617,FaceStation 2 542198617 (192.168.8.205),All Users,200003,1:N authentication succeeded (Face)
2024-11-07 13:16:30,542198617,FaceStation 2 542198617 (192.168.8.205),All Users,200011,1:N authentication succeeded (Face)
2024-11-07 13:16:28,542198617,FaceStation 2 542198617 (192.168.8.205),All Users,200042,1:N authentication succeeded (Face)
2024-11-07 13:16:26,542198617,FaceStation 2 542198617 (192.168.8.205),All Users,200042,1:N authentication succeeded (Face)
2024-11-07 13:16:22,542198617,FaceStation 2 542198617 (192.168.8.205),All Users,200015,1:N authentication succeeded (Face)
2024-11-07 13:16:20,542198617,FaceStation 2 542198617 (192.168.8.205),All Users,200015,1:N authentication succeeded (Face)
2024-11-07 13:16:10,542198617,FaceStation 2 542198617 (192.168.8.205),All Users,200031,1:N authentication succeeded (Face)
2024-11-07 13:16:05,542198617,FaceStation 2 542198617 (192.168.8.205),All Users,200415,1:N authentication succeeded (Face)
2024-11-07 13:16:03,542198617,FaceStation 2 542198617 (192.168.8.205),All Users,200415,1:N authentication succeeded (Face)
2024-11-07 13:15:56,542198617,FaceStation 2 542198617 (192.168.8.205),All Users,200416,1:N authentication succeeded (Face)
2024-11-07 13:15:53,542198617,FaceStation 2 542198617 (192.168.8.205),All Users,200416,1:N authentication succeeded (Face)
2024-11-07 13:15:49,542198617,FaceStation 2 542198617 (192.168.8.205),All Users,200441,1:N authentication succeeded (Face)
2024-11-07 13:15:41,542198617,FaceStation 2 542198617 (192.168.8.205),All Users,200066,1:N authentication succeeded (Face)
2024-11-07 13:15:35,542198617,FaceStation 2 542198617 (192.168.8.205),All Users,200110,1:N authentication succeeded (Face)
2024-11-07 13:15:30,542198617,FaceStation 2 542198617 (192.168.8.205),All Users,200427,1:N authentication succeeded (Face)
2024-11-07 13:15:26,542198617,FaceStation 2 542198617 (192.168.8.205),All Users,200329,1:N authentication succeeded (Face)
2024-11-07 13:15:23,542198617,FaceStation 2 542198617 (192.168.8.205),All Users,200395,1:N authentication succeeded (Face)
2024-11-07 13:15:21,542198617,FaceStation 2 542198617 (192.168.8.205),All Users,200395,1:N authentication succeeded (Face)
2024-11-07 13:15:16,542198617,FaceStation 2 542198617 (192.168.8.205),All Users,200352,1:N authentication succeeded (Face)
2024-11-07 13:15:14,542198617,FaceStation 2 542198617 (192.168.8.205),All Users,200352,1:N authentication succeeded (Face)
2024-11-07 13:15:11,542198617,FaceStation 2 542198617 (192.168.8.205),All Users,200222,1:N authentication succeeded (Face)
2024-11-07 13:15:09,542198617,FaceStation 2 542198617 (192.168.8.205),All Users,200222,1:N authentication succeeded (Face)
2024-11-07 13:14:58,542198617,FaceStation 2 542198617 (192.168.8.205),All Users,200440,1:N authentication succeeded (Face)
2024-11-07 13:14:54,542198617,FaceStation 2 542198617 (192.168.8.205),All Users,200072,1:N authentication succeeded (Face)
2024-11-07 13:14:45,542198617,FaceStation 2 542198617 (192.168.8.205),All Users,200153,1:N authentication succeeded (Face)
2024-11-07 13:14:16,542198617,FaceStation 2 542198617 (192.168.8.205),All Users,993001024,1:N authentication succeeded (Face)
2024-11-07 13:13:12,542198617,FaceStation 2 542198617 (192.168.8.205),All Users,200425,1:N authentication succeeded (Face)
2024-11-07 13:13:09,542198617,FaceStation 2 542198617 (192.168.8.205),All Users,200091,1:N authentication succeeded (Face)
2024-11-07 13:13:05,542198617,FaceStation 2 542198617 (192.168.8.205),All Users,200348,1:N authentication succeeded (Face)
2024-11-07 13:13:03,542198617,FaceStation 2 542198617 (192.168.8.205),All Users,200348,1:N authentication succeeded (Face)
2024-11-07 13:12:47,542198617,FaceStation 2 542198617 (192.168.8.205),All Users,200368,1:N authentication succeeded (Face)
2024-11-07 13:12:26,542198617,FaceStation 2 542198617 (192.168.8.205),All Users,200386,1:N authentication succeeded (Face)
2024-11-07 13:12:22,542198617,FaceStation 2 542198617 (192.168.8.205),All Users,200418,1:N authentication succeeded (Face)
2024-11-07 13:12:19,542198617,FaceStation 2 542198617 (192.168.8.205),All Users,200337,1:N authentication succeeded (Face)
2024-11-07 13:12:15,542198617,FaceStation 2 542198617 (192.168.8.205),All Users,200217,1:N authentication succeeded (Face)
2024-11-07 13:12:12,542198617,FaceStation 2 542198617 (192.168.8.205),All Users,200028,1:N authentication succeeded (Face)
2024-11-07 13:12:09,542198617,FaceStation 2 542198617 (192.168.8.205),All Users,200028,1:N authentication succeeded (Face)
2024-11-07 13:12:06,542198617,FaceStation 2 542198617 (192.168.8.205),All Users,200359,1:N authentication succeeded (Face)
2024-11-07 13:12:04,542198617,FaceStation 2 542198617 (192.168.8.205),All Users,200359,1:N authentication succeeded (Face)
2024-11-07 13:12:01,542198617,FaceStation 2 542198617 (192.168.8.205),All Users,200174,1:N authentication succeeded (Face)
2024-11-07 13:11:58,542198617,FaceStation 2 542198617 (192.168.8.205),All Users,200174,1:N authentication succeeded (Face)
2024-11-07 13:11:32,542198617,FaceStation 2 542198617 (192.168.8.205),All Users,200398,1:N authentication succeeded (Face)
2024-11-07 13:11:28,542198617,FaceStation 2 542198617 (192.168.8.205),All Users,200001,1:N authentication succeeded (Face)
2024-11-07 13:11:25,542198617,FaceStation 2 542198617 (192.168.8.205),All Users,200001,1:N authentication succeeded (Face)
2024-11-07 13:11:20,542198617,FaceStation 2 542198617 (192.168.8.205),All Users,200402,1:N authentication succeeded (Face)
2024-11-07 13:11:12,542198617,FaceStation 2 542198617 (192.168.8.205),All Users,200401,1:N authentication succeeded (Face)
2024-11-07 13:11:08,542198617,FaceStation 2 542198617 (192.168.8.205),All Users,200064,1:N authentication succeeded (Face)
2024-11-07 13:11:04,542198617,FaceStation 2 542198617 (192.168.8.205),All Users,200064,1:N authentication succeeded (Face)
2024-11-07 13:10:57,542198617,FaceStation 2 542198617 (192.168.8.205),All Users,200413,1:N authentication succeeded (Face)
2024-11-07 13:10:32,542198617,FaceStation 2 542198617 (192.168.8.205),All Users,200357,1:N authentication succeeded (Face)
2024-11-07 13:10:29,542198617,FaceStation 2 542198617 (192.168.8.205),All Users,200357,1:N authentication succeeded (Face)
2024-11-07 13:10:26,542198617,FaceStation 2 542198617 (192.168.8.205),All Users,200391,1:N authentication succeeded (Face)
2024-11-07 13:10:24,542198617,FaceStation 2 542198617 (192.168.8.205),All Users,200391,1:N authentication succeeded (Face)
2024-11-07 13:10:20,542198617,FaceStation 2 542198617 (192.168.8.205),All Users,200408,1:N authentication succeeded (Face)
2024-11-07 13:10:17,542198617,FaceStation 2 542198617 (192.168.8.205),All Users,200408,1:N authentication succeeded (Face)
2024-11-07 13:10:14,542198617,FaceStation 2 542198617 (192.168.8.205),All Users,200367,1:N authentication succeeded (Face)
2024-11-07 13:10:11,542198617,FaceStation 2 542198617 (192.168.8.205),All Users,200367,1:N authentication succeeded (Face)
2024-11-07 13:09:57,542198617,FaceStation 2 542198617 (192.168.8.205),All Users,200437,1:N authentication succeeded (Face)
2024-11-07 13:09:52,542198617,FaceStation 2 542198617 (192.168.8.205),All Users,200062,1:N authentication succeeded (Face)
2024-11-07 13:09:49,542198617,FaceStation 2 542198617 (192.168.8.205),All Users,200062,1:N authentication succeeded (Face)
2024-11-07 13:09:27,542198617,FaceStation 2 542198617 (192.168.8.205),All Users,200414,1:N authentication succeeded (Face)
2024-11-07 13:08:55,542198617,FaceStation 2 542198617 (192.168.8.205),All Users,200372,1:N authentication succeeded (Face)
2024-11-07 13:08:52,542198617,FaceStation 2 542198617 (192.168.8.205),All Users,200376,1:N authentication succeeded (Face)
2024-11-07 13:07:39,542198617,FaceStation 2 542198617 (192.168.8.205),All Users,200439,1:N authentication succeeded (Face)
2024-11-07 13:04:07,542198617,FaceStation 2 542198617 (192.168.8.205),All Users,200346,1:N authentication succeeded (Face)
2024-11-07 13:04:02,542198617,FaceStation 2 542198617 (192.168.8.205),All Users,200346,1:N authentication succeeded (Face)
2024-11-07 13:00:52,542198617,FaceStation 2 542198617 (192.168.8.205),All Users,200330,1:N authentication succeeded (Face)
2024-11-07 12:58:42,542198617,FaceStation 2 542198617 (192.168.8.205),All Users,200166,1:N authentication succeeded (Face)
2024-11-07 12:57:32,542198617,FaceStation 2 542198617 (192.168.8.205),All Users,200023,1:N authentication succeeded (Face)
2024-11-07 12:57:30,542198617,FaceStation 2 542198617 (192.168.8.205),All Users,200023,1:N authentication succeeded (Face)
2024-11-07 12:52:45,542198617,FaceStation 2 542198617 (192.168.8.205),All Users,200294,1:N authentication succeeded (Face)
2024-11-07 12:52:43,542198617,FaceStation 2 542198617 (192.168.8.205),All Users,200294,1:N authentication succeeded (Face)
2024-11-07 12:35:46,542198617,FaceStation 2 542198617 (192.168.8.205),All Users,200441,1:N authentication succeeded (Face)
2024-11-07 12:35:44,542198617,FaceStation 2 542198617 (192.168.8.205),All Users,200441,1:N authentication succeeded (Face)
2024-11-07 12:35:25,542198617,FaceStation 2 542198617 (192.168.8.205),All Users,200422,1:N authentication succeeded (Face)
2024-11-07 12:35:13,542198617,FaceStation 2 542198617 (192.168.8.205),All Users,200166,1:N authentication succeeded (Face)
2024-11-07 12:34:55,542198617,FaceStation 2 542198617 (192.168.8.205),All Users,200329,1:N authentication succeeded (Face)
2024-11-07 12:34:30,542198617,FaceStation 2 542198617 (192.168.8.205),All Users,200357,1:N authentication succeeded (Face)
2024-11-07 12:34:28,542198617,FaceStation 2 542198617 (192.168.8.205),All Users,200357,1:N authentication succeeded (Face)
2024-11-07 12:34:22,542198617,FaceStation 2 542198617 (192.168.8.205),All Users,200395,1:N authentication succeeded (Face)
2024-11-07 12:34:19,542198617,FaceStation 2 542198617 (192.168.8.205),All Users,200395,1:N authentication succeeded (Face)
2024-11-07 12:33:34,542198617,FaceStation 2 542198617 (192.168.8.205),All Users,200437,1:N authentication succeeded (Face)
2024-11-07 12:33:23,542198617,FaceStation 2 542198617 (192.168.8.205),All Users,200153,1:N authentication succeeded (Face)
2024-11-07 12:33:12,542198617,FaceStation 2 542198617 (192.168.8.205),All Users,200217,1:N authentication succeeded (Face)
2024-11-07 12:33:09,542198617,FaceStation 2 542198617 (192.168.8.205),All Users,200028,1:N authentication succeeded (Face)
2024-11-07 12:33:07,542198617,FaceStation 2 542198617 (192.168.8.205),All Users,200028,1:N authentication succeeded (Face)
2024-11-07 12:33:00,542198617,FaceStation 2 542198617 (192.168.8.205),All Users,200367,1:N authentication succeeded (Face)
2024-11-07 12:32:57,542198617,FaceStation 2 542198617 (192.168.8.205),All Users,200367,1:N authentication succeeded (Face)
2024-11-07 12:32:48,542198617,FaceStation 2 542198617 (192.168.8.205),All Users,200386,1:N authentication succeeded (Face)
2024-11-07 12:32:45,542198617,FaceStation 2 542198617 (192.168.8.205),All Users,200064,1:N authentication succeeded (Face)
2024-11-07 12:32:39,542198617,FaceStation 2 542198617 (192.168.8.205),All Users,200091,1:N authentication succeeded (Face)
2024-11-07 12:32:30,542198617,FaceStation 2 542198617 (192.168.8.205),All Users,200330,1:N authentication succeeded (Face)
2024-11-07 12:32:20,542198617,FaceStation 2 542198617 (192.168.8.205),All Users,200001,1:N authentication succeeded (Face)
2024-11-07 12:32:17,542198617,FaceStation 2 542198617 (192.168.8.205),All Users,200337,1:N authentication succeeded (Face)
2024-11-07 12:31:39,542198617,FaceStation 2 542198617 (192.168.8.205),All Users,200359,1:N authentication succeeded (Face)
2024-11-07 12:31:36,542198617,FaceStation 2 542198617 (192.168.8.205),All Users,200359,1:N authentication succeeded (Face)
2024-11-07 12:31:33,542198617,FaceStation 2 542198617 (192.168.8.205),All Users,200348,1:N authentication succeeded (Face)
2024-11-07 12:31:30,542198617,FaceStation 2 542198617 (192.168.8.205),All Users,200348,1:N authentication succeeded (Face)
2024-11-07 12:31:25,542198617,FaceStation 2 542198617 (192.168.8.205),All Users,200416,1:N authentication succeeded (Face)
2024-11-07 12:31:23,542198617,FaceStation 2 542198617 (192.168.8.205),All Users,200415,1:N authentication succeeded (Face)
2024-11-07 12:31:17,542198617,FaceStation 2 542198617 (192.168.8.205),All Users,200346,1:N authentication succeeded (Face)
2024-11-07 12:30:49,542198617,FaceStation 2 542198617 (192.168.8.205),All Users,200062,1:N authentication succeeded (Face)
2024-11-07 12:30:47,542198617,FaceStation 2 542198617 (192.168.8.205),All Users,200062,1:N authentication succeeded (Face)
2024-11-07 12:30:40,542198617,FaceStation 2 542198617 (192.168.8.205),All Users,200427,1:N authentication succeeded (Face)
2024-11-07 12:30:38,542198617,FaceStation 2 542198617 (192.168.8.205),All Users,200042,1:N authentication succeeded (Face)
2024-11-07 12:30:35,542198617,FaceStation 2 542198617 (192.168.8.205),All Users,200042,1:N authentication succeeded (Face)
2024-11-07 12:30:33,542198617,FaceStation 2 542198617 (192.168.8.205),All Users,200072,1:N authentication succeeded (Face)
2024-11-07 12:30:29,542198617,FaceStation 2 542198617 (192.168.8.205),All Users,200368,1:N authentication succeeded (Face)
2024-11-07 12:30:27,542198617,FaceStation 2 542198617 (192.168.8.205),All Users,993001024,1:N authentication succeeded (Face)
2024-11-07 12:30:24,542198617,FaceStation 2 542198617 (192.168.8.205),All Users,200391,1:N authentication succeeded (Face)
2024-11-07 12:30:16,542198617,FaceStation 2 542198617 (192.168.8.205),All Users,200023,1:N authentication succeeded (Face)
2024-11-07 12:30:12,542198617,FaceStation 2 542198617 (192.168.8.205),All Users,200023,1:N authentication succeeded (Face)
2024-11-07 12:30:08,542198617,FaceStation 2 542198617 (192.168.8.205),All Users,200003,1:N authentication succeeded (Face)
2024-11-07 12:30:06,542198617,FaceStation 2 542198617 (192.168.8.205),All Users,200003,1:N authentication succeeded (Face)
2024-11-07 12:30:02,542198617,FaceStation 2 542198617 (192.168.8.205),All Users,200174,1:N authentication succeeded (Face)
2024-11-07 12:29:59,542198617,FaceStation 2 542198617 (192.168.8.205),All Users,200174,1:N authentication succeeded (Face)
2024-11-07 12:29:53,542198617,FaceStation 2 542198617 (192.168.8.205),All Users,200011,1:N authentication succeeded (Face)
2024-11-07 12:29:49,542198617,FaceStation 2 542198617 (192.168.8.205),All Users,200413,1:N authentication succeeded (Face)
2024-11-07 12:29:46,542198617,FaceStation 2 542198617 (192.168.8.205),All Users,200294,1:N authentication succeeded (Face)
2024-11-07 12:29:44,542198617,FaceStation 2 542198617 (192.168.8.205),All Users,200294,1:N authentication succeeded (Face)
2024-11-07 12:29:38,542198617,FaceStation 2 542198617 (192.168.8.205),All Users,200015,1:N authentication succeeded (Face)
2024-11-07 12:29:35,542198617,FaceStation 2 542198617 (192.168.8.205),All Users,200015,1:N authentication succeeded (Face)
2024-11-07 12:29:32,542198617,FaceStation 2 542198617 (192.168.8.205),All Users,200342,1:N authentication succeeded (Face)
2024-11-07 12:29:22,542198617,FaceStation 2 542198617 (192.168.8.205),All Users,200434,1:N authentication succeeded (Face)
2024-11-07 12:29:16,542198617,FaceStation 2 542198617 (192.168.8.205),All Users,200440,1:N authentication succeeded (Face)
2024-11-07 12:29:12,542198617,FaceStation 2 542198617 (192.168.8.205),All Users,200439,1:N authentication succeeded (Face)
2024-11-07 12:29:08,542198617,FaceStation 2 542198617 (192.168.8.205),All Users,200074,1:N authentication succeeded (Face)
2024-11-07 12:29:05,542198617,FaceStation 2 542198617 (192.168.8.205),All Users,200242,1:N authentication succeeded (Face)
2024-11-07 12:29:03,542198617,FaceStation 2 542198617 (192.168.8.205),All Users,200352,1:N authentication succeeded (Face)
2024-11-07 12:29:00,542198617,FaceStation 2 542198617 (192.168.8.205),All Users,200222,1:N authentication succeeded (Face)
2024-11-07 12:28:57,542198617,FaceStation 2 542198617 (192.168.8.205),All Users,200372,1:N authentication succeeded (Face)
2024-11-07 12:28:54,542198617,FaceStation 2 542198617 (192.168.8.205),All Users,200425,1:N authentication succeeded (Face)
2024-11-07 12:28:52,542198617,FaceStation 2 542198617 (192.168.8.205),All Users,200401,1:N authentication succeeded (Face)
2024-11-07 12:28:49,542198617,FaceStation 2 542198617 (192.168.8.205),All Users,200398,1:N authentication succeeded (Face)
2024-11-07 12:28:46,542198617,FaceStation 2 542198617 (192.168.8.205),All Users,200408,1:N authentication succeeded (Face)
2024-11-07 12:28:43,542198617,FaceStation 2 542198617 (192.168.8.205),All Users,200414,1:N authentication succeeded (Face)
2024-11-07 12:28:40,542198617,FaceStation 2 542198617 (192.168.8.205),All Users,200031,1:N authentication succeeded (Face)
2024-11-07 12:28:37,542198617,FaceStation 2 542198617 (192.168.8.205),All Users,200418,1:N authentication succeeded (Face)
2024-11-07 12:28:35,542198617,FaceStation 2 542198617 (192.168.8.205),All Users,200376,1:N authentication succeeded (Face)
2024-11-07 12:28:31,542198617,FaceStation 2 542198617 (192.168.8.205),All Users,200402,1:N authentication succeeded (Face)
2024-11-07 12:28:29,542198617,FaceStation 2 542198617 (192.168.8.205),All Users,200110,1:N authentication succeeded (Face)
2024-11-07 11:24:32,542198617,FaceStation 2 542198617 (192.168.8.205),All Users,200153,1:N authentication succeeded (Face)
2024-11-07 11:00:35,542198617,FaceStation 2 542198617 (192.168.8.205),All Users,200425,1:N authentication succeeded (Face)
2024-11-07 09:26:21,542198617,FaceStation 2 542198617 (192.168.8.205),All Users,200425,1:N authentication succeeded (Face)
2024-11-07 08:20:02,542198617,FaceStation 2 542198617 (192.168.8.205),All Users,200414,1:N authentication succeeded (Face)
2024-11-07 08:19:56,542198617,FaceStation 2 542198617 (192.168.8.205),All Users,200425,1:N authentication succeeded (Face)
2024-11-07 08:18:35,542198617,FaceStation 2 542198617 (192.168.8.205),All Users,200386,1:N authentication succeeded (Face)
2024-11-07 08:15:58,542198617,FaceStation 2 542198617 (192.168.8.205),All Users,200064,1:N authentication succeeded (Face)
2024-11-07 08:12:26,542198617,FaceStation 2 542198617 (192.168.8.205),All Users,200031,1:N authentication succeeded (Face)
2024-11-07 08:10:18,542198617,FaceStation 2 542198617 (192.168.8.205),All Users,200434,1:N authentication succeeded (Face)
2024-11-07 08:08:25,542198617,FaceStation 2 542198617 (192.168.8.205),All Users,200413,1:N authentication succeeded (Face)
2024-11-07 08:08:22,542198617,FaceStation 2 542198617 (192.168.8.205),All Users,200166,1:N authentication succeeded (Face)
2024-11-07 08:06:53,542198617,FaceStation 2 542198617 (192.168.8.205),All Users,200427,1:N authentication succeeded (Face)
2024-11-07 08:06:46,542198617,FaceStation 2 542198617 (192.168.8.205),All Users,200415,1:N authentication succeeded (Face)
2024-11-07 08:06:44,542198617,FaceStation 2 542198617 (192.168.8.205),All Users,200415,1:N authentication succeeded (Face)
2024-11-07 08:06:41,542198617,FaceStation 2 542198617 (192.168.8.205),All Users,200416,1:N authentication succeeded (Face)
2024-11-07 08:06:38,542198617,FaceStation 2 542198617 (192.168.8.205),All Users,200416,1:N authentication succeeded (Face)
2024-11-07 08:05:39,542198617,FaceStation 2 542198617 (192.168.8.205),All Users,200074,1:N authentication succeeded (Face)
2024-11-07 08:04:38,542198617,FaceStation 2 542198617 (192.168.8.205),All Users,200217,1:N authentication succeeded (Face)
2024-11-07 08:04:35,542198617,FaceStation 2 542198617 (192.168.8.205),All Users,200217,1:N authentication succeeded (Face)
2024-11-07 08:04:19,542198617,FaceStation 2 542198617 (192.168.8.205),All Users,200352,1:N authentication succeeded (Face)
2024-11-07 08:04:17,542198617,FaceStation 2 542198617 (192.168.8.205),All Users,200352,1:N authentication succeeded (Face)
2024-11-07 08:04:13,542198617,FaceStation 2 542198617 (192.168.8.205),All Users,200222,1:N authentication succeeded (Face)
2024-11-07 08:04:10,542198617,FaceStation 2 542198617 (192.168.8.205),All Users,200222,1:N authentication succeeded (Face)
2024-11-07 08:03:39,542198617,FaceStation 2 542198617 (192.168.8.205),All Users,200441,1:N authentication succeeded (Face)
2024-11-07 08:03:36,542198617,FaceStation 2 542198617 (192.168.8.205),All Users,200441,1:N authentication succeeded (Face)
2024-11-07 08:01:47,542198617,FaceStation 2 542198617 (192.168.8.205),All Users,200329,1:N authentication succeeded (Face)
2024-11-07 08:01:43,542198617,FaceStation 2 542198617 (192.168.8.205),All Users,200342,1:N authentication succeeded (Face)
2024-11-07 08:01:40,542198617,FaceStation 2 542198617 (192.168.8.205),All Users,200437,1:N authentication succeeded (Face)
2024-11-07 08:01:17,542198617,FaceStation 2 542198617 (192.168.8.205),All Users,200359,1:N authentication succeeded (Face)
2024-11-07 08:01:12,542198617,FaceStation 2 542198617 (192.168.8.205),All Users,200359,1:N authentication succeeded (Face)
2024-11-07 08:01:09,542198617,FaceStation 2 542198617 (192.168.8.205),All Users,200359,1:N authentication succeeded (Face)
2024-11-07 08:01:06,542198617,FaceStation 2 542198617 (192.168.8.205),All Users,200395,1:N authentication succeeded (Face)
2024-11-07 08:01:03,542198617,FaceStation 2 542198617 (192.168.8.205),All Users,200395,1:N authentication succeeded (Face)
2024-11-07 08:00:00,542198617,FaceStation 2 542198617 (192.168.8.205),All Users,200110,1:N authentication succeeded (Face)
2024-11-07 07:59:36,542198617,FaceStation 2 542198617 (192.168.8.205),All Users,200439,1:N authentication succeeded (Face)
2024-11-07 07:59:33,542198617,FaceStation 2 542198617 (192.168.8.205),All Users,200439,1:N authentication succeeded (Face)
2024-11-07 07:58:48,542198617,FaceStation 2 542198617 (192.168.8.205),All Users,200001,1:N authentication succeeded (Face)
2024-11-07 07:58:45,542198617,FaceStation 2 542198617 (192.168.8.205),All Users,200001,1:N authentication succeeded (Face)
2024-11-07 07:57:54,542198617,FaceStation 2 542198617 (192.168.8.205),All Users,200418,1:N authentication succeeded (Face)
2024-11-07 07:57:28,542198617,FaceStation 2 542198617 (192.168.8.205),All Users,200091,1:N authentication succeeded (Face)
2024-11-07 07:57:25,542198617,FaceStation 2 542198617 (192.168.8.205),All Users,200091,1:N authentication succeeded (Face)
2024-11-07 07:57:22,542198617,FaceStation 2 542198617 (192.168.8.205),All Users,200348,1:N authentication succeeded (Face)
2024-11-07 07:57:20,542198617,FaceStation 2 542198617 (192.168.8.205),All Users,200348,1:N authentication succeeded (Face)
2024-11-07 07:57:14,542198617,FaceStation 2 542198617 (192.168.8.205),All Users,200028,1:N authentication succeeded (Face)
2024-11-07 07:57:11,542198617,FaceStation 2 542198617 (192.168.8.205),All Users,200028,1:N authentication succeeded (Face)
2024-11-07 07:57:07,542198617,FaceStation 2 542198617 (192.168.8.205),All Users,200422,1:N authentication succeeded (Face)
2024-11-07 07:56:45,542198617,FaceStation 2 542198617 (192.168.8.205),All Users,200023,1:N authentication succeeded (Face)
2024-11-07 07:56:42,542198617,FaceStation 2 542198617 (192.168.8.205),All Users,200023,1:N authentication succeeded (Face)
2024-11-07 07:56:35,542198617,FaceStation 2 542198617 (192.168.8.205),All Users,200440,1:N authentication succeeded (Face)
2024-11-07 07:56:33,542198617,FaceStation 2 542198617 (192.168.8.205),All Users,200440,1:N authentication succeeded (Face)
2024-11-07 07:56:10,542198617,FaceStation 2 542198617 (192.168.8.205),All Users,200408,1:N authentication succeeded (Face)
2024-11-07 07:56:06,542198617,FaceStation 2 542198617 (192.168.8.205),All Users,200408,1:N authentication succeeded (Face)
2024-11-07 07:56:02,542198617,FaceStation 2 542198617 (192.168.8.205),All Users,200372,1:N authentication succeeded (Face)
2024-11-07 07:55:23,542198617,FaceStation 2 542198617 (192.168.8.205),All Users,200367,1:N authentication succeeded (Face)
2024-11-07 07:55:20,542198617,FaceStation 2 542198617 (192.168.8.205),All Users,200367,1:N authentication succeeded (Face)
2024-11-07 07:55:17,542198617,FaceStation 2 542198617 (192.168.8.205),All Users,200357,1:N authentication succeeded (Face)
2024-11-07 07:55:15,542198617,FaceStation 2 542198617 (192.168.8.205),All Users,200357,1:N authentication succeeded (Face)
2024-11-07 07:55:11,542198617,FaceStation 2 542198617 (192.168.8.205),All Users,200072,1:N authentication succeeded (Face)
2024-11-07 07:54:35,542198617,FaceStation 2 542198617 (192.168.8.205),All Users,200242,1:N authentication succeeded (Face)
2024-11-07 07:54:09,542198617,FaceStation 2 542198617 (192.168.8.205),All Users,200391,1:N authentication succeeded (Face)
2024-11-07 07:54:06,542198617,FaceStation 2 542198617 (192.168.8.205),All Users,200391,1:N authentication succeeded (Face)
2024-11-07 07:54:00,542198617,FaceStation 2 542198617 (192.168.8.205),All Users,200330,1:N authentication succeeded (Face)
2024-11-07 07:53:36,542198617,FaceStation 2 542198617 (192.168.8.205),All Users,200015,1:N authentication succeeded (Face)
2024-11-07 07:53:33,542198617,FaceStation 2 542198617 (192.168.8.205),All Users,200015,1:N authentication succeeded (Face)
2024-11-07 07:52:16,542198617,FaceStation 2 542198617 (192.168.8.205),All Users,200011,1:N authentication succeeded (Face)
2024-11-07 07:52:13,542198617,FaceStation 2 542198617 (192.168.8.205),All Users,200011,1:N authentication succeeded (Face)
2024-11-07 07:51:27,542198617,FaceStation 2 542198617 (192.168.8.205),All Users,200376,1:N authentication succeeded (Face)
2024-11-07 07:51:24,542198617,FaceStation 2 542198617 (192.168.8.205),All Users,200376,1:N authentication succeeded (Face)
2024-11-07 07:50:37,542198617,FaceStation 2 542198617 (192.168.8.205),All Users,200174,1:N authentication succeeded (Face)
2024-11-07 07:50:34,542198617,FaceStation 2 542198617 (192.168.8.205),All Users,200174,1:N authentication succeeded (Face)
2024-11-07 07:49:51,542198617,FaceStation 2 542198617 (192.168.8.205),,,BioStar connected
2024-11-07 07:47:49,542198617,FaceStation 2 542198617 (192.168.8.205),All Users,993001024,1:N authentication succeeded (Face)
2024-11-07 07:47:04,542198617,FaceStation 2 542198617 (192.168.8.205),All Users,200402,1:N authentication succeeded (Face)
2024-11-07 07:47:01,542198617,FaceStation 2 542198617 (192.168.8.205),All Users,200401,1:N authentication succeeded (Face)
2024-11-07 07:46:52,542198617,FaceStation 2 542198617 (192.168.8.205),All Users,200042,1:N authentication succeeded (Face)
2024-11-07 07:46:49,542198617,FaceStation 2 542198617 (192.168.8.205),All Users,200042,1:N authentication succeeded (Face)
2024-11-07 07:44:52,542198617,FaceStation 2 542198617 (192.168.8.205),All Users,200294,1:N authentication succeeded (Face)
2024-11-07 07:44:49,542198617,FaceStation 2 542198617 (192.168.8.205),All Users,200294,1:N authentication succeeded (Face)
2024-11-07 07:36:07,542198617,FaceStation 2 542198617 (192.168.8.205),All Users,200346,1:N authentication succeeded (Face)
2024-11-07 07:36:05,542198617,FaceStation 2 542198617 (192.168.8.205),All Users,200346,1:N authentication succeeded (Face)
2024-11-07 07:34:05,542198617,FaceStation 2 542198617 (192.168.8.205),All Users,200337,1:N authentication succeeded (Face)
2024-11-07 07:34:02,542198617,FaceStation 2 542198617 (192.168.8.205),All Users,200337,1:N authentication succeeded (Face)
2024-11-07 07:29:34,542198617,FaceStation 2 542198617 (192.168.8.205),All Users,200062,1:N authentication succeeded (Face)
2024-11-07 07:29:31,542198617,FaceStation 2 542198617 (192.168.8.205),All Users,200062,1:N authentication succeeded (Face)
2024-11-07 07:20:58,542198617,FaceStation 2 542198617 (192.168.8.205),All Users,200337,1:N authentication succeeded (Face)
2024-11-07 07:20:55,542198617,FaceStation 2 542198617 (192.168.8.205),All Users,200368,1:N authentication succeeded (Face)
2024-11-07 07:20:53,542198617,FaceStation 2 542198617 (192.168.8.205),All Users,200368,1:N authentication succeeded (Face)
2024-11-07 06:59:48,542198617,FaceStation 2 542198617 (192.168.8.205),All Users,200389,1:N authentication succeeded (Face)
2024-11-07 06:59:46,542198617,FaceStation 2 542198617 (192.168.8.205),All Users,200389,1:N authentication succeeded (Face)
2024-11-07 06:59:25,542198617,FaceStation 2 542198617 (192.168.8.205),All Users,200398,1:N authentication succeeded (Face)
2024-11-07 06:59:06,542198617,FaceStation 2 542198617 (192.168.8.205),All Users,200066,1:N authentication succeeded (Face)
2024-11-07 06:51:28,542198617,FaceStation 2 542198617 (192.168.8.205),All Users,200003,1:N authentication succeeded (Face)
2024-11-07 06:51:25,542198617,FaceStation 2 542198617 (192.168.8.205),All Users,200003,1:N authentication succeeded (Face)
2024-11-07 06:34:32,542198617,FaceStation 2 542198617 (192.168.8.205),All Users,200389,1:N authentication succeeded (Face)
2024-11-07 06:34:30,542198617,FaceStation 2 542198617 (192.168.8.205),All Users,200389,1:N authentication succeeded (Face)
2024-11-07 06:34:28,542198617,FaceStation 2 542198617 (192.168.8.205),All Users,200389,1:N authentication succeeded (Face)
2024-11-06 21:50:59,542198617,FaceStation 2 542198617 (192.168.8.205),All Users,200389,1:N authentication succeeded (Face)
2024-11-06 21:50:57,542198617,FaceStation 2 542198617 (192.168.8.205),All Users,200389,1:N authentication succeeded (Face)
2024-11-06 20:59:46,542198617,FaceStation 2 542198617 (192.168.8.205),,,BioStar disconnected
2024-11-06 18:36:47,542198617,FaceStation 2 542198617 (192.168.8.205),All Users,993001024,1:N authentication succeeded (Face)
2024-11-06 18:36:44,542198617,FaceStation 2 542198617 (192.168.8.205),All Users,993001024,1:N authentication succeeded (Face)
2024-11-06 18:36:38,542198617,FaceStation 2 542198617 (192.168.8.205),All Users,200398,1:N authentication succeeded (Face)
2024-11-06 18:28:35,542198617,FaceStation 2 542198617 (192.168.8.205),All Users,200359,1:N authentication succeeded (Face)
2024-11-06 18:28:33,542198617,FaceStation 2 542198617 (192.168.8.205),All Users,200359,1:N authentication succeeded (Face)
2024-11-06 18:28:30,542198617,FaceStation 2 542198617 (192.168.8.205),All Users,200359,1:N authentication succeeded (Face)
2024-11-06 18:25:49,542198617,FaceStation 2 542198617 (192.168.8.205),All Users,200389,1:N authentication succeeded (Face)
2024-11-06 18:25:47,542198617,FaceStation 2 542198617 (192.168.8.205),All Users,200389,1:N authentication succeeded (Face)
2024-11-06 17:59:32,542198617,FaceStation 2 542198617 (192.168.8.205),All Users,200066,1:N authentication succeeded (Face)
2024-11-06 17:58:39,542198617,FaceStation 2 542198617 (192.168.8.205),All Users,200174,1:N authentication succeeded (Face)
2024-11-06 17:58:37,542198617,FaceStation 2 542198617 (192.168.8.205),All Users,200174,1:N authentication succeeded (Face)
2024-11-06 17:58:16,542198617,FaceStation 2 542198617 (192.168.8.205),All Users,200153,1:N authentication succeeded (Face)
2024-11-06 17:57:36,542198617,FaceStation 2 542198617 (192.168.8.205),All Users,200342,1:N authentication succeeded (Face)
2024-11-06 17:57:32,542198617,FaceStation 2 542198617 (192.168.8.205),All Users,200437,1:N authentication succeeded (Face)
2024-11-06 17:55:48,542198617,FaceStation 2 542198617 (192.168.8.205),All Users,200346,1:N authentication succeeded (Face)
2024-11-06 17:55:45,542198617,FaceStation 2 542198617 (192.168.8.205),All Users,200346,1:N authentication succeeded (Face)
2024-11-06 17:55:14,542198617,FaceStation 2 542198617 (192.168.8.205),All Users,200415,1:N authentication succeeded (Face)
2024-11-06 17:55:11,542198617,FaceStation 2 542198617 (192.168.8.205),All Users,200415,1:N authentication succeeded (Face)
2024-11-06 17:55:08,542198617,FaceStation 2 542198617 (192.168.8.205),All Users,200441,1:N authentication succeeded (Face)
2024-11-06 17:55:05,542198617,FaceStation 2 542198617 (192.168.8.205),All Users,200441,1:N authentication succeeded (Face)
2024-11-06 17:55:01,542198617,FaceStation 2 542198617 (192.168.8.205),All Users,200439,1:N authentication succeeded (Face)
2024-11-06 17:54:58,542198617,FaceStation 2 542198617 (192.168.8.205),All Users,200439,1:N authentication succeeded (Face)
2024-11-06 17:54:53,542198617,FaceStation 2 542198617 (192.168.8.205),All Users,200416,1:N authentication succeeded (Face)
2024-11-06 17:54:50,542198617,FaceStation 2 542198617 (192.168.8.205),All Users,200416,1:N authentication succeeded (Face)
2024-11-06 17:54:22,542198617,FaceStation 2 542198617 (192.168.8.205),All Users,200337,1:N authentication succeeded (Face)
2024-11-06 17:54:10,542198617,FaceStation 2 542198617 (192.168.8.205),All Users,200166,1:N authentication succeeded (Face)
2024-11-06 17:54:07,542198617,FaceStation 2 542198617 (192.168.8.205),All Users,200166,1:N authentication succeeded (Face)
2024-11-06 17:54:03,542198617,FaceStation 2 542198617 (192.168.8.205),All Users,200294,1:N authentication succeeded (Face)
2024-11-06 17:54:00,542198617,FaceStation 2 542198617 (192.168.8.205),All Users,200294,1:N authentication succeeded (Face)
2024-11-06 17:53:57,542198617,FaceStation 2 542198617 (192.168.8.205),All Users,200427,1:N authentication succeeded (Face)
2024-11-06 17:53:53,542198617,FaceStation 2 542198617 (192.168.8.205),All Users,200434,1:N authentication succeeded (Face)
2024-11-06 17:53:48,542198617,FaceStation 2 542198617 (192.168.8.205),All Users,200391,1:N authentication succeeded (Face)
2024-11-06 17:53:45,542198617,FaceStation 2 542198617 (192.168.8.205),All Users,200391,1:N authentication succeeded (Face)
2024-11-06 17:53:42,542198617,FaceStation 2 542198617 (192.168.8.205),All Users,200001,1:N authentication succeeded (Face)
2024-11-06 17:53:39,542198617,FaceStation 2 542198617 (192.168.8.205),All Users,200001,1:N authentication succeeded (Face)
2024-11-06 17:53:36,542198617,FaceStation 2 542198617 (192.168.8.205),All Users,200402,1:N authentication succeeded (Face)
2024-11-06 17:53:32,542198617,FaceStation 2 542198617 (192.168.8.205),All Users,200413,1:N authentication succeeded (Face)
2024-11-06 17:53:29,542198617,FaceStation 2 542198617 (192.168.8.205),All Users,200064,1:N authentication succeeded (Face)
2024-11-06 17:53:25,542198617,FaceStation 2 542198617 (192.168.8.205),All Users,200015,1:N authentication succeeded (Face)
2024-11-06 17:53:22,542198617,FaceStation 2 542198617 (192.168.8.205),All Users,200015,1:N authentication succeeded (Face)
2024-11-06 17:53:19,542198617,FaceStation 2 542198617 (192.168.8.205),All Users,200242,1:N authentication succeeded (Face)
2024-11-06 17:53:16,542198617,FaceStation 2 542198617 (192.168.8.205),All Users,200329,1:N authentication succeeded (Face)
2024-11-06 17:53:13,542198617,FaceStation 2 542198617 (192.168.8.205),All Users,200395,1:N authentication succeeded (Face)
2024-11-06 17:53:11,542198617,FaceStation 2 542198617 (192.168.8.205),All Users,200395,1:N authentication succeeded (Face)
2024-11-06 17:53:06,542198617,FaceStation 2 542198617 (192.168.8.205),All Users,200440,1:N authentication succeeded (Face)
2024-11-06 17:53:03,542198617,FaceStation 2 542198617 (192.168.8.205),All Users,200072,1:N authentication succeeded (Face)
2024-11-06 17:53:01,542198617,FaceStation 2 542198617 (192.168.8.205),All Users,200418,1:N authentication succeeded (Face)
2024-11-06 17:52:59,542198617,FaceStation 2 542198617 (192.168.8.205),All Users,200401,1:N authentication succeeded (Face)
2024-11-06 17:52:55,542198617,FaceStation 2 542198617 (192.168.8.205),All Users,200217,1:N authentication succeeded (Face)
2024-11-06 17:52:53,542198617,FaceStation 2 542198617 (192.168.8.205),All Users,200028,1:N authentication succeeded (Face)
2024-11-06 17:52:51,542198617,FaceStation 2 542198617 (192.168.8.205),All Users,200028,1:N authentication succeeded (Face)
2024-11-06 17:52:47,542198617,FaceStation 2 542198617 (192.168.8.205),All Users,200425,1:N authentication succeeded (Face)
2024-11-06 17:52:44,542198617,FaceStation 2 542198617 (192.168.8.205),All Users,200414,1:N authentication succeeded (Face)
2024-11-06 17:52:40,542198617,FaceStation 2 542198617 (192.168.8.205),All Users,200367,1:N authentication succeeded (Face)
2024-11-06 17:52:37,542198617,FaceStation 2 542198617 (192.168.8.205),All Users,200367,1:N authentication succeeded (Face)
2024-11-06 17:52:34,542198617,FaceStation 2 542198617 (192.168.8.205),All Users,200422,1:N authentication succeeded (Face)
2024-11-06 17:52:32,542198617,FaceStation 2 542198617 (192.168.8.205),All Users,200074,1:N authentication succeeded (Face)
2024-11-06 17:52:28,542198617,FaceStation 2 542198617 (192.168.8.205),All Users,200011,1:N authentication succeeded (Face)
2024-11-06 17:52:26,542198617,FaceStation 2 542198617 (192.168.8.205),All Users,200011,1:N authentication succeeded (Face)
2024-11-06 17:52:23,542198617,FaceStation 2 542198617 (192.168.8.205),All Users,200042,1:N authentication succeeded (Face)
2024-11-06 17:52:21,542198617,FaceStation 2 542198617 (192.168.8.205),All Users,200042,1:N authentication succeeded (Face)
2024-11-06 17:52:17,542198617,FaceStation 2 542198617 (192.168.8.205),All Users,200186,1:N authentication succeeded (Face)
2024-11-06 17:52:14,542198617,FaceStation 2 542198617 (192.168.8.205),All Users,200023,1:N authentication succeeded (Face)
2024-11-06 17:52:12,542198617,FaceStation 2 542198617 (192.168.8.205),All Users,200023,1:N authentication succeeded (Face)
2024-11-06 17:52:09,542198617,FaceStation 2 542198617 (192.168.8.205),All Users,200352,1:N authentication succeeded (Face)
2024-11-06 17:52:06,542198617,FaceStation 2 542198617 (192.168.8.205),All Users,200352,1:N authentication succeeded (Face)
2024-11-06 17:52:03,542198617,FaceStation 2 542198617 (192.168.8.205),All Users,200222,1:N authentication succeeded (Face)
2024-11-06 17:52:01,542198617,FaceStation 2 542198617 (192.168.8.205),All Users,200222,1:N authentication succeeded (Face)
2024-11-06 17:51:54,542198617,FaceStation 2 542198617 (192.168.8.205),All Users,200062,1:N authentication succeeded (Face)
2024-11-06 17:51:52,542198617,FaceStation 2 542198617 (192.168.8.205),All Users,200062,1:N authentication succeeded (Face)
2024-11-06 17:51:47,542198617,FaceStation 2 542198617 (192.168.8.205),All Users,200031,1:N authentication succeeded (Face)
2024-11-06 17:51:42,542198617,FaceStation 2 542198617 (192.168.8.205),All Users,200357,1:N authentication succeeded (Face)
2024-11-06 17:51:39,542198617,FaceStation 2 542198617 (192.168.8.205),All Users,200357,1:N authentication succeeded (Face)
2024-11-06 17:51:36,542198617,FaceStation 2 542198617 (192.168.8.205),All Users,200392,1:N authentication succeeded (Face)
2024-11-06 17:51:34,542198617,FaceStation 2 542198617 (192.168.8.205),All Users,200368,1:N authentication succeeded (Face)
2024-11-06 17:51:31,542198617,FaceStation 2 542198617 (192.168.8.205),All Users,200386,1:N authentication succeeded (Face)
2024-11-06 17:51:29,542198617,FaceStation 2 542198617 (192.168.8.205),All Users,200385,1:N authentication succeeded (Face)
2024-11-06 17:51:24,542198617,FaceStation 2 542198617 (192.168.8.205),All Users,200348,1:N authentication succeeded (Face)
2024-11-06 17:51:21,542198617,FaceStation 2 542198617 (192.168.8.205),All Users,200348,1:N authentication succeeded (Face)
2024-11-06 17:51:18,542198617,FaceStation 2 542198617 (192.168.8.205),All Users,200091,1:N authentication succeeded (Face)
2024-11-06 17:51:16,542198617,FaceStation 2 542198617 (192.168.8.205),All Users,200091,1:N authentication succeeded (Face)
2024-11-06 17:51:13,542198617,FaceStation 2 542198617 (192.168.8.205),All Users,200372,1:N authentication succeeded (Face)
2024-11-06 17:51:09,542198617,FaceStation 2 542198617 (192.168.8.205),All Users,200330,1:N authentication succeeded (Face)
2024-11-06 17:51:06,542198617,FaceStation 2 542198617 (192.168.8.205),All Users,200110,1:N authentication succeeded (Face)
2024-11-06 17:51:03,542198617,FaceStation 2 542198617 (192.168.8.205),All Users,200376,1:N authentication succeeded (Face)
2024-11-06 17:50:59,542198617,FaceStation 2 542198617 (192.168.8.205),All Users,200408,1:N authentication succeeded (Face)
2024-11-06 17:50:55,542198617,FaceStation 2 542198617 (192.168.8.205),All Users,200408,1:N authentication succeeded (Face)
2024-11-06 13:49:39,542198617,FaceStation 2 542198617 (192.168.8.205),All Users,200391,1:N authentication succeeded (Face)
2024-11-06 13:49:37,542198617,FaceStation 2 542198617 (192.168.8.205),All Users,200391,1:N authentication succeeded (Face)
2024-11-06 13:34:41,542198617,FaceStation 2 542198617 (192.168.8.205),All Users,200434,1:N authentication succeeded (Face)
2024-11-06 13:32:21,542198617,FaceStation 2 542198617 (192.168.8.205),All Users,200367,1:N authentication succeeded (Face)
2024-11-06 13:32:19,542198617,FaceStation 2 542198617 (192.168.8.205),All Users,200367,1:N authentication succeeded (Face)
2024-11-06 13:31:26,542198617,FaceStation 2 542198617 (192.168.8.205),All Users,200427,1:N authentication succeeded (Face)
2024-11-06 13:31:24,542198617,FaceStation 2 542198617 (192.168.8.205),All Users,200427,1:N authentication succeeded (Face)
2024-11-06 13:26:45,542198617,FaceStation 2 542198617 (192.168.8.205),All Users,200385,1:N authentication succeeded (Face)
2024-11-06 13:18:53,542198617,FaceStation 2 542198617 (192.168.8.205),,,Authentication failed (Timeout)
2024-11-06 13:18:43,542198617,FaceStation 2 542198617 (192.168.8.205),All Users,200425,1:N authentication succeeded (Face)
2024-11-06 13:18:41,542198617,FaceStation 2 542198617 (192.168.8.205),All Users,200425,1:N authentication succeeded (Face)
2024-11-06 13:17:31,542198617,FaceStation 2 542198617 (192.168.8.205),All Users,200342,1:N authentication succeeded (Face)
2024-11-06 13:17:28,542198617,FaceStation 2 542198617 (192.168.8.205),All Users,200342,1:N authentication succeeded (Face)
2024-11-06 13:17:25,542198617,FaceStation 2 542198617 (192.168.8.205),All Users,200242,1:N authentication succeeded (Face)
2024-11-06 13:17:22,542198617,FaceStation 2 542198617 (192.168.8.205),All Users,200174,1:N authentication succeeded (Face)
2024-11-06 13:17:19,542198617,FaceStation 2 542198617 (192.168.8.205),All Users,200174,1:N authentication succeeded (Face)
2024-11-06 13:17:01,542198617,FaceStation 2 542198617 (192.168.8.205),All Users,200074,1:N authentication succeeded (Face)
2024-11-06 13:16:57,542198617,FaceStation 2 542198617 (192.168.8.205),All Users,200042,1:N authentication succeeded (Face)
2024-11-06 13:16:54,542198617,FaceStation 2 542198617 (192.168.8.205),All Users,200042,1:N authentication succeeded (Face)
2024-11-06 13:16:51,542198617,FaceStation 2 542198617 (192.168.8.205),All Users,200011,1:N authentication succeeded (Face)
2024-11-06 13:16:48,542198617,FaceStation 2 542198617 (192.168.8.205),All Users,200441,1:N authentication succeeded (Face)
2024-11-06 13:16:43,542198617,FaceStation 2 542198617 (192.168.8.205),All Users,200414,1:N authentication succeeded (Face)
2024-11-06 13:16:40,542198617,FaceStation 2 542198617 (192.168.8.205),All Users,200031,1:N authentication succeeded (Face)
2024-11-06 13:16:37,542198617,FaceStation 2 542198617 (192.168.8.205),All Users,200416,1:N authentication succeeded (Face)
2024-11-06 13:16:31,542198617,FaceStation 2 542198617 (192.168.8.205),All Users,200439,1:N authentication succeeded (Face)
2024-11-06 13:16:27,542198617,FaceStation 2 542198617 (192.168.8.205),All Users,200415,1:N authentication succeeded (Face)
2024-11-06 13:16:20,542198617,FaceStation 2 542198617 (192.168.8.205),All Users,200066,1:N authentication succeeded (Face)
2024-11-06 13:16:10,542198617,FaceStation 2 542198617 (192.168.8.205),All Users,200337,1:N authentication succeeded (Face)
2024-11-06 13:16:05,542198617,FaceStation 2 542198617 (192.168.8.205),All Users,200398,1:N authentication succeeded (Face)
2024-11-06 13:16:02,542198617,FaceStation 2 542198617 (192.168.8.205),All Users,200352,1:N authentication succeeded (Face)
2024-11-06 13:16:00,542198617,FaceStation 2 542198617 (192.168.8.205),All Users,200352,1:N authentication succeeded (Face)
2024-11-06 13:15:56,542198617,FaceStation 2 542198617 (192.168.8.205),All Users,200222,1:N authentication succeeded (Face)
2024-11-06 13:15:53,542198617,FaceStation 2 542198617 (192.168.8.205),All Users,200222,1:N authentication succeeded (Face)
2024-11-06 13:15:50,542198617,FaceStation 2 542198617 (192.168.8.205),All Users,200329,1:N authentication succeeded (Face)
2024-11-06 13:15:48,542198617,FaceStation 2 542198617 (192.168.8.205),All Users,200395,1:N authentication succeeded (Face)
2024-11-06 13:15:45,542198617,FaceStation 2 542198617 (192.168.8.205),All Users,200395,1:N authentication succeeded (Face)
2024-11-06 13:15:42,542198617,FaceStation 2 542198617 (192.168.8.205),All Users,200386,1:N authentication succeeded (Face)
2024-11-06 13:15:39,542198617,FaceStation 2 542198617 (192.168.8.205),All Users,200368,1:N authentication succeeded (Face)
2024-11-06 13:15:36,542198617,FaceStation 2 542198617 (192.168.8.205),All Users,200348,1:N authentication succeeded (Face)
2024-11-06 13:15:33,542198617,FaceStation 2 542198617 (192.168.8.205),All Users,200348,1:N authentication succeeded (Face)
2024-11-06 13:15:29,542198617,FaceStation 2 542198617 (192.168.8.205),All Users,200001,1:N authentication succeeded (Face)
2024-11-06 13:15:26,542198617,FaceStation 2 542198617 (192.168.8.205),All Users,200001,1:N authentication succeeded (Face)
2024-11-06 13:15:18,542198617,FaceStation 2 542198617 (192.168.8.205),All Users,200091,1:N authentication succeeded (Face)
2024-11-06 13:14:53,542198617,FaceStation 2 542198617 (192.168.8.205),All Users,200110,1:N authentication succeeded (Face)
2024-11-06 13:14:33,542198617,FaceStation 2 542198617 (192.168.8.205),All Users,200357,1:N authentication succeeded (Face)
2024-11-06 13:14:30,542198617,FaceStation 2 542198617 (192.168.8.205),All Users,200357,1:N authentication succeeded (Face)
2024-11-06 13:14:26,542198617,FaceStation 2 542198617 (192.168.8.205),All Users,200392,1:N authentication succeeded (Face)
2024-11-06 13:13:41,542198617,FaceStation 2 542198617 (192.168.8.205),All Users,200015,1:N authentication succeeded (Face)
2024-11-06 13:13:39,542198617,FaceStation 2 542198617 (192.168.8.205),All Users,200015,1:N authentication succeeded (Face)
2024-11-06 13:13:35,542198617,FaceStation 2 542198617 (192.168.8.205),All Users,200359,1:N authentication succeeded (Face)
2024-11-06 13:13:32,542198617,FaceStation 2 542198617 (192.168.8.205),All Users,200359,1:N authentication succeeded (Face)
2024-11-06 13:13:25,542198617,FaceStation 2 542198617 (192.168.8.205),All Users,200422,1:N authentication succeeded (Face)
2024-11-06 13:12:21,542198617,FaceStation 2 542198617 (192.168.8.205),All Users,200072,1:N authentication succeeded (Face)
2024-11-06 13:12:16,542198617,FaceStation 2 542198617 (192.168.8.205),All Users,200440,1:N authentication succeeded (Face)
2024-11-06 13:11:45,542198617,FaceStation 2 542198617 (192.168.8.205),All Users,200418,1:N authentication succeeded (Face)
2024-11-06 13:11:40,542198617,FaceStation 2 542198617 (192.168.8.205),All Users,200391,1:N authentication succeeded (Face)
2024-11-06 13:11:37,542198617,FaceStation 2 542198617 (192.168.8.205),All Users,200391,1:N authentication succeeded (Face)
2024-11-06 13:11:15,542198617,FaceStation 2 542198617 (192.168.8.205),All Users,200064,1:N authentication succeeded (Face)
2024-11-06 13:10:56,542198617,FaceStation 2 542198617 (192.168.8.205),All Users,200413,1:N authentication succeeded (Face)
2024-11-06 13:10:54,542198617,FaceStation 2 542198617 (192.168.8.205),All Users,200413,1:N authentication succeeded (Face)
2024-11-06 13:10:45,542198617,FaceStation 2 542198617 (192.168.8.205),All Users,200186,1:N authentication succeeded (Face)
2024-11-06 13:10:41,542198617,FaceStation 2 542198617 (192.168.8.205),All Users,200153,1:N authentication succeeded (Face)
2024-11-06 13:10:04,542198617,FaceStation 2 542198617 (192.168.8.205),All Users,200402,1:N authentication succeeded (Face)
2024-11-06 13:10:02,542198617,FaceStation 2 542198617 (192.168.8.205),All Users,200401,1:N authentication succeeded (Face)
2024-11-06 13:09:39,542198617,FaceStation 2 542198617 (192.168.8.205),All Users,200376,1:N authentication succeeded (Face)
2024-11-06 13:09:00,542198617,FaceStation 2 542198617 (192.168.8.205),All Users,200372,1:N authentication succeeded (Face)
2024-11-06 13:08:43,542198617,FaceStation 2 542198617 (192.168.8.205),All Users,200437,1:N authentication succeeded (Face)
2024-11-06 13:07:40,542198617,FaceStation 2 542198617 (192.168.8.205),All Users,200062,1:N authentication succeeded (Face)
2024-11-06 13:07:37,542198617,FaceStation 2 542198617 (192.168.8.205),All Users,200062,1:N authentication succeeded (Face)
2024-11-06 13:07:24,542198617,FaceStation 2 542198617 (192.168.8.205),All Users,200217,1:N authentication succeeded (Face)
2024-11-06 13:07:21,542198617,FaceStation 2 542198617 (192.168.8.205),All Users,200217,1:N authentication succeeded (Face)
2024-11-06 13:07:17,542198617,FaceStation 2 542198617 (192.168.8.205),All Users,200028,1:N authentication succeeded (Face)
2024-11-06 13:07:14,542198617,FaceStation 2 542198617 (192.168.8.205),All Users,200028,1:N authentication succeeded (Face)
2024-11-06 13:06:39,542198617,FaceStation 2 542198617 (192.168.8.205),All Users,200346,1:N authentication succeeded (Face)
2024-11-06 13:06:36,542198617,FaceStation 2 542198617 (192.168.8.205),All Users,200346,1:N authentication succeeded (Face)
2024-11-06 13:06:10,542198617,FaceStation 2 542198617 (192.168.8.205),All Users,200408,1:N authentication succeeded (Face)
2024-11-06 13:06:06,542198617,FaceStation 2 542198617 (192.168.8.205),All Users,200408,1:N authentication succeeded (Face)
2024-11-06 13:05:06,542198617,FaceStation 2 542198617 (192.168.8.205),All Users,993001024,1:N authentication succeeded (Face)
2024-11-06 13:04:56,542198617,FaceStation 2 542198617 (192.168.8.205),All Users,200023,1:N authentication succeeded (Face)
2024-11-06 13:04:53,542198617,FaceStation 2 542198617 (192.168.8.205),All Users,200023,1:N authentication succeeded (Face)
2024-11-06 13:03:29,542198617,FaceStation 2 542198617 (192.168.8.205),All Users,200166,1:N authentication succeeded (Face)
2024-11-06 13:00:51,542198617,FaceStation 2 542198617 (192.168.8.205),All Users,200330,1:N authentication succeeded (Face)
2024-11-06 13:00:41,542198617,FaceStation 2 542198617 (192.168.8.205),All Users,200367,1:N authentication succeeded (Face)
2024-11-06 13:00:39,542198617,FaceStation 2 542198617 (192.168.8.205),All Users,200367,1:N authentication succeeded (Face)
2024-11-06 12:57:39,542198617,FaceStation 2 542198617 (192.168.8.205),All Users,200398,1:N authentication succeeded (Face)
2024-11-06 12:54:54,542198617,FaceStation 2 542198617 (192.168.8.205),All Users,200294,1:N authentication succeeded (Face)
2024-11-06 12:54:52,542198617,FaceStation 2 542198617 (192.168.8.205),All Users,200294,1:N authentication succeeded (Face)
2024-11-06 12:37:00,542198617,FaceStation 2 542198617 (192.168.8.205),All Users,200186,1:N authentication succeeded (Face)
2024-11-06 12:36:57,542198617,FaceStation 2 542198617 (192.168.8.205),All Users,200392,1:N authentication succeeded (Face)
2024-11-06 12:36:29,542198617,FaceStation 2 542198617 (192.168.8.205),All Users,200357,1:N authentication succeeded (Face)
2024-11-06 12:36:26,542198617,FaceStation 2 542198617 (192.168.8.205),All Users,200357,1:N authentication succeeded (Face)
2024-11-06 12:36:17,542198617,FaceStation 2 542198617 (192.168.8.205),All Users,200422,1:N authentication succeeded (Face)
2024-11-06 12:35:49,542198617,FaceStation 2 542198617 (192.168.8.205),All Users,200064,1:N authentication succeeded (Face)
2024-11-06 12:35:42,542198617,FaceStation 2 542198617 (192.168.8.205),All Users,200166,1:N authentication succeeded (Face)
2024-11-06 12:35:20,542198617,FaceStation 2 542198617 (192.168.8.205),All Users,200337,1:N authentication succeeded (Face)
2024-11-06 12:35:07,542198617,FaceStation 2 542198617 (192.168.8.205),All Users,200042,1:N authentication succeeded (Face)
2024-11-06 12:35:05,542198617,FaceStation 2 542198617 (192.168.8.205),All Users,200042,1:N authentication succeeded (Face)
2024-11-06 12:35:01,542198617,FaceStation 2 542198617 (192.168.8.205),All Users,200294,1:N authentication succeeded (Face)
2024-11-06 12:34:58,542198617,FaceStation 2 542198617 (192.168.8.205),All Users,200294,1:N authentication succeeded (Face)
2024-11-06 12:34:32,542198617,FaceStation 2 542198617 (192.168.8.205),All Users,200329,1:N authentication succeeded (Face)
2024-11-06 12:34:29,542198617,FaceStation 2 542198617 (192.168.8.205),All Users,200395,1:N authentication succeeded (Face)
2024-11-06 12:34:26,542198617,FaceStation 2 542198617 (192.168.8.205),All Users,200395,1:N authentication succeeded (Face)
2024-11-06 12:33:54,542198617,FaceStation 2 542198617 (192.168.8.205),All Users,200359,1:N authentication succeeded (Face)
2024-11-06 12:33:51,542198617,FaceStation 2 542198617 (192.168.8.205),All Users,200359,1:N authentication succeeded (Face)
2024-11-06 12:33:36,542198617,FaceStation 2 542198617 (192.168.8.205),All Users,200153,1:N authentication succeeded (Face)
2024-11-06 12:33:31,542198617,FaceStation 2 542198617 (192.168.8.205),All Users,200416,1:N authentication succeeded (Face)
2024-11-06 12:33:28,542198617,FaceStation 2 542198617 (192.168.8.205),All Users,200416,1:N authentication succeeded (Face)
2024-11-06 12:33:22,542198617,FaceStation 2 542198617 (192.168.8.205),All Users,200441,1:N authentication succeeded (Face)
2024-11-06 12:33:20,542198617,FaceStation 2 542198617 (192.168.8.205),All Users,200441,1:N authentication succeeded (Face)
2024-11-06 12:32:36,542198617,FaceStation 2 542198617 (192.168.8.205),All Users,200011,1:N authentication succeeded (Face)
2024-11-06 12:32:26,542198617,FaceStation 2 542198617 (192.168.8.205),All Users,200413,1:N authentication succeeded (Face)
2024-11-06 12:32:23,542198617,FaceStation 2 542198617 (192.168.8.205),All Users,200174,1:N authentication succeeded (Face)
2024-11-06 12:32:21,542198617,FaceStation 2 542198617 (192.168.8.205),All Users,200174,1:N authentication succeeded (Face)
2024-11-06 12:32:14,542198617,FaceStation 2 542198617 (192.168.8.205),All Users,200001,1:N authentication succeeded (Face)
2024-11-06 12:32:12,542198617,FaceStation 2 542198617 (192.168.8.205),All Users,200001,1:N authentication succeeded (Face)
2024-11-06 12:32:08,542198617,FaceStation 2 542198617 (192.168.8.205),All Users,993001024,1:N authentication succeeded (Face)
2024-11-06 12:31:59,542198617,FaceStation 2 542198617 (192.168.8.205),All Users,200437,1:N authentication succeeded (Face)
2024-11-06 12:31:43,542198617,FaceStation 2 542198617 (192.168.8.205),All Users,200062,1:N authentication succeeded (Face)
2024-11-06 12:31:40,542198617,FaceStation 2 542198617 (192.168.8.205),All Users,200062,1:N authentication succeeded (Face)
2024-11-06 12:31:33,542198617,FaceStation 2 542198617 (192.168.8.205),All Users,200346,1:N authentication succeeded (Face)
2024-11-06 12:31:29,542198617,FaceStation 2 542198617 (192.168.8.205),All Users,200217,1:N authentication succeeded (Face)
2024-11-06 12:31:26,542198617,FaceStation 2 542198617 (192.168.8.205),All Users,200028,1:N authentication succeeded (Face)
2024-11-06 12:31:23,542198617,FaceStation 2 542198617 (192.168.8.205),All Users,200028,1:N authentication succeeded (Face)
2024-11-06 12:31:14,542198617,FaceStation 2 542198617 (192.168.8.205),All Users,200398,1:N authentication succeeded (Face)
2024-11-06 12:31:10,542198617,FaceStation 2 542198617 (192.168.8.205),All Users,200074,1:N authentication succeeded (Face)
2024-11-06 12:31:07,542198617,FaceStation 2 542198617 (192.168.8.205),All Users,200330,1:N authentication succeeded (Face)
2024-11-06 12:31:03,542198617,FaceStation 2 542198617 (192.168.8.205),All Users,200023,1:N authentication succeeded (Face)
2024-11-06 12:31:01,542198617,FaceStation 2 542198617 (192.168.8.205),All Users,200023,1:N authentication succeeded (Face)
2024-11-06 12:30:52,542198617,FaceStation 2 542198617 (192.168.8.205),All Users,200415,1:N authentication succeeded (Face)
2024-11-06 12:30:48,542198617,FaceStation 2 542198617 (192.168.8.205),All Users,200091,1:N authentication succeeded (Face)
2024-11-06 12:30:27,542198617,FaceStation 2 542198617 (192.168.8.205),All Users,200348,1:N authentication succeeded (Face)
2024-11-06 12:30:23,542198617,FaceStation 2 542198617 (192.168.8.205),All Users,200348,1:N authentication succeeded (Face)
2024-11-06 12:30:17,542198617,FaceStation 2 542198617 (192.168.8.205),All Users,200072,1:N authentication succeeded (Face)
2024-11-06 12:30:14,542198617,FaceStation 2 542198617 (192.168.8.205),All Users,200015,1:N authentication succeeded (Face)
2024-11-06 12:30:11,542198617,FaceStation 2 542198617 (192.168.8.205),All Users,200015,1:N authentication succeeded (Face)
2024-11-06 12:30:07,542198617,FaceStation 2 542198617 (192.168.8.205),All Users,200434,1:N authentication succeeded (Face)
2024-11-06 12:30:03,542198617,FaceStation 2 542198617 (192.168.8.205),All Users,200440,1:N authentication succeeded (Face)
2024-11-06 12:29:58,542198617,FaceStation 2 542198617 (192.168.8.205),All Users,200439,1:N authentication succeeded (Face)
2024-11-06 12:29:43,542198617,FaceStation 2 542198617 (192.168.8.205),All Users,200408,1:N authentication succeeded (Face)
2024-11-06 12:29:39,542198617,FaceStation 2 542198617 (192.168.8.205),All Users,200408,1:N authentication succeeded (Face)
2024-11-06 12:29:35,542198617,FaceStation 2 542198617 (192.168.8.205),All Users,200368,1:N authentication succeeded (Face)
2024-11-06 12:29:30,542198617,FaceStation 2 542198617 (192.168.8.205),All Users,200066,1:N authentication succeeded (Face)
2024-11-06 12:29:26,542198617,FaceStation 2 542198617 (192.168.8.205),All Users,200352,1:N authentication succeeded (Face)
2024-11-06 12:29:22,542198617,FaceStation 2 542198617 (192.168.8.205),All Users,200222,1:N authentication succeeded (Face)
2024-11-06 12:29:18,542198617,FaceStation 2 542198617 (192.168.8.205),All Users,200427,1:N authentication succeeded (Face)
2024-11-06 12:29:15,542198617,FaceStation 2 542198617 (192.168.8.205),All Users,200418,1:N authentication succeeded (Face)
2024-11-06 12:29:12,542198617,FaceStation 2 542198617 (192.168.8.205),All Users,200242,1:N authentication succeeded (Face)
2024-11-06 12:29:09,542198617,FaceStation 2 542198617 (192.168.8.205),All Users,200342,1:N authentication succeeded (Face)
2024-11-06 12:29:05,542198617,FaceStation 2 542198617 (192.168.8.205),All Users,200425,1:N authentication succeeded (Face)
2024-11-06 12:29:02,542198617,FaceStation 2 542198617 (192.168.8.205),All Users,200386,1:N authentication succeeded (Face)
2024-11-06 12:28:55,542198617,FaceStation 2 542198617 (192.168.8.205),All Users,200385,1:N authentication succeeded (Face)
2024-11-06 12:28:52,542198617,FaceStation 2 542198617 (192.168.8.205),All Users,200031,1:N authentication succeeded (Face)
2024-11-06 12:28:48,542198617,FaceStation 2 542198617 (192.168.8.205),All Users,200414,1:N authentication succeeded (Face)
2024-11-06 12:28:44,542198617,FaceStation 2 542198617 (192.168.8.205),All Users,200401,1:N authentication succeeded (Face)
2024-11-06 12:28:41,542198617,FaceStation 2 542198617 (192.168.8.205),All Users,200372,1:N authentication succeeded (Face)
2024-11-06 12:28:38,542198617,FaceStation 2 542198617 (192.168.8.205),All Users,200110,1:N authentication succeeded (Face)
2024-11-06 12:28:34,542198617,FaceStation 2 542198617 (192.168.8.205),All Users,200376,1:N authentication succeeded (Face)
2024-11-06 12:28:29,542198617,FaceStation 2 542198617 (192.168.8.205),All Users,200402,1:N authentication succeeded (Face)
2024-11-06 11:59:22,542198617,FaceStation 2 542198617 (192.168.8.205),All Users,200346,1:N authentication succeeded (Face)
2024-11-06 11:59:20,542198617,FaceStation 2 542198617 (192.168.8.205),All Users,200346,1:N authentication succeeded (Face)
2024-11-06 11:05:48,542198617,FaceStation 2 542198617 (192.168.8.205),All Users,200006,1:N authentication succeeded (Face)
2024-11-06 08:33:47,542198617,FaceStation 2 542198617 (192.168.8.205),All Users,200386,1:N authentication succeeded (Face)
2024-11-06 08:26:03,542198617,FaceStation 2 542198617 (192.168.8.205),All Users,200408,1:N authentication succeeded (Face)
2024-11-06 08:24:06,542198617,FaceStation 2 542198617 (192.168.8.205),All Users,200006,1:N authentication succeeded (Face)
2024-11-06 08:22:17,542198617,FaceStation 2 542198617 (192.168.8.205),All Users,200186,1:N authentication succeeded (Face)
2024-11-06 08:19:41,542198617,FaceStation 2 542198617 (192.168.8.205),All Users,200414,1:N authentication succeeded (Face)
2024-11-06 08:19:35,542198617,FaceStation 2 542198617 (192.168.8.205),All Users,200425,1:N authentication succeeded (Face)
2024-11-06 08:16:13,542198617,FaceStation 2 542198617 (192.168.8.205),All Users,200064,1:N authentication succeeded (Face)
2024-11-06 08:13:28,542198617,FaceStation 2 542198617 (192.168.8.205),All Users,200359,1:N authentication succeeded (Face)
2024-11-06 08:13:25,542198617,FaceStation 2 542198617 (192.168.8.205),All Users,200359,1:N authentication succeeded (Face)
2024-11-06 08:10:27,542198617,FaceStation 2 542198617 (192.168.8.205),All Users,200427,1:N authentication succeeded (Face)
2024-11-06 08:08:59,542198617,FaceStation 2 542198617 (192.168.8.205),All Users,200434,1:N authentication succeeded (Face)
2024-11-06 08:08:39,542198617,FaceStation 2 542198617 (192.168.8.205),All Users,200031,1:N authentication succeeded (Face)
2024-11-06 08:08:16,542198617,FaceStation 2 542198617 (192.168.8.205),All Users,200217,1:N authentication succeeded (Face)
2024-11-06 08:07:39,542198617,FaceStation 2 542198617 (192.168.8.205),All Users,200074,1:N authentication succeeded (Face)
2024-11-06 08:05:59,542198617,FaceStation 2 542198617 (192.168.8.205),All Users,200342,1:N authentication succeeded (Face)
2024-11-06 08:05:57,542198617,FaceStation 2 542198617 (192.168.8.205),All Users,200342,1:N authentication succeeded (Face)
2024-11-06 08:05:35,542198617,FaceStation 2 542198617 (192.168.8.205),All Users,200413,1:N authentication succeeded (Face)
2024-11-06 08:05:32,542198617,FaceStation 2 542198617 (192.168.8.205),All Users,200166,1:N authentication succeeded (Face)
2024-11-06 08:05:11,542198617,FaceStation 2 542198617 (192.168.8.205),All Users,200415,1:N authentication succeeded (Face)
2024-11-06 08:05:09,542198617,FaceStation 2 542198617 (192.168.8.205),All Users,200415,1:N authentication succeeded (Face)
2024-11-06 08:05:05,542198617,FaceStation 2 542198617 (192.168.8.205),All Users,200416,1:N authentication succeeded (Face)
2024-11-06 08:05:02,542198617,FaceStation 2 542198617 (192.168.8.205),All Users,200416,1:N authentication succeeded (Face)
2024-11-06 08:04:56,542198617,FaceStation 2 542198617 (192.168.8.205),All Users,200441,1:N authentication succeeded (Face)
2024-11-06 08:04:54,542198617,FaceStation 2 542198617 (192.168.8.205),All Users,200441,1:N authentication succeeded (Face)
2024-11-06 08:04:49,542198617,FaceStation 2 542198617 (192.168.8.205),All Users,200352,1:N authentication succeeded (Face)
2024-11-06 08:04:47,542198617,FaceStation 2 542198617 (192.168.8.205),All Users,200352,1:N authentication succeeded (Face)
2024-11-06 08:04:44,542198617,FaceStation 2 542198617 (192.168.8.205),All Users,200222,1:N authentication succeeded (Face)
2024-11-06 08:04:41,542198617,FaceStation 2 542198617 (192.168.8.205),All Users,200222,1:N authentication succeeded (Face)
2024-11-06 08:03:44,542198617,FaceStation 2 542198617 (192.168.8.205),All Users,200153,1:N authentication succeeded (Face)
2024-11-06 08:03:42,542198617,FaceStation 2 542198617 (192.168.8.205),,,BioStar connected
2024-11-06 08:03:34,542198617,FaceStation 2 542198617 (192.168.8.205),All Users,200329,1:N authentication succeeded (Face)
2024-11-06 08:03:22,542198617,FaceStation 2 542198617 (192.168.8.205),All Users,200110,1:N authentication succeeded (Face)
2024-11-06 08:02:21,542198617,FaceStation 2 542198617 (192.168.8.205),All Users,200437,1:N authentication succeeded (Face)
2024-11-06 08:01:37,542198617,FaceStation 2 542198617 (192.168.8.205),All Users,200066,1:N authentication succeeded (Face)
2024-11-06 08:01:01,542198617,FaceStation 2 542198617 (192.168.8.205),All Users,200001,1:N authentication succeeded (Face)
2024-11-06 08:00:58,542198617,FaceStation 2 542198617 (192.168.8.205),All Users,200001,1:N authentication succeeded (Face)
2024-11-06 08:00:54,542198617,FaceStation 2 542198617 (192.168.8.205),All Users,200015,1:N authentication succeeded (Face)
2024-11-06 08:00:52,542198617,FaceStation 2 542198617 (192.168.8.205),All Users,200015,1:N authentication succeeded (Face)
2024-11-06 08:00:24,542198617,FaceStation 2 542198617 (192.168.8.205),All Users,200385,1:N authentication succeeded (Face)
2024-11-06 07:58:17,542198617,FaceStation 2 542198617 (192.168.8.205),All Users,200395,1:N authentication succeeded (Face)
2024-11-06 07:58:14,542198617,FaceStation 2 542198617 (192.168.8.205),All Users,200395,1:N authentication succeeded (Face)
2024-11-06 07:57:37,542198617,FaceStation 2 542198617 (192.168.8.205),All Users,200422,1:N authentication succeeded (Face)
2024-11-06 07:57:33,542198617,FaceStation 2 542198617 (192.168.8.205),All Users,200391,1:N authentication succeeded (Face)
2024-11-06 07:57:31,542198617,FaceStation 2 542198617 (192.168.8.205),All Users,200391,1:N authentication succeeded (Face)
2024-11-06 07:57:27,542198617,FaceStation 2 542198617 (192.168.8.205),All Users,200028,1:N authentication succeeded (Face)
2024-11-06 07:57:25,542198617,FaceStation 2 542198617 (192.168.8.205),All Users,200028,1:N authentication succeeded (Face)
2024-11-06 07:57:21,542198617,FaceStation 2 542198617 (192.168.8.205),All Users,200023,1:N authentication succeeded (Face)
2024-11-06 07:57:18,542198617,FaceStation 2 542198617 (192.168.8.205),All Users,200023,1:N authentication succeeded (Face)
2024-11-06 07:57:13,542198617,FaceStation 2 542198617 (192.168.8.205),All Users,200439,1:N authentication succeeded (Face)
2024-11-06 07:57:10,542198617,FaceStation 2 542198617 (192.168.8.205),All Users,200439,1:N authentication succeeded (Face)
2024-11-06 07:56:51,542198617,FaceStation 2 542198617 (192.168.8.205),All Users,200440,1:N authentication succeeded (Face)
2024-11-06 07:56:48,542198617,FaceStation 2 542198617 (192.168.8.205),All Users,200440,1:N authentication succeeded (Face)
2024-11-06 07:56:38,542198617,FaceStation 2 542198617 (192.168.8.205),All Users,200174,1:N authentication succeeded (Face)
2024-11-06 07:56:36,542198617,FaceStation 2 542198617 (192.168.8.205),All Users,200174,1:N authentication succeeded (Face)
2024-11-06 07:55:56,542198617,FaceStation 2 542198617 (192.168.8.205),All Users,200418,1:N authentication succeeded (Face)
2024-11-06 07:55:39,542198617,FaceStation 2 542198617 (192.168.8.205),All Users,200372,1:N authentication succeeded (Face)
2024-11-06 07:55:37,542198617,FaceStation 2 542198617 (192.168.8.205),All Users,200372,1:N authentication succeeded (Face)
2024-11-06 07:53:03,542198617,FaceStation 2 542198617 (192.168.8.205),All Users,200011,1:N authentication succeeded (Face)
2024-11-06 07:53:00,542198617,FaceStation 2 542198617 (192.168.8.205),All Users,200011,1:N authentication succeeded (Face)
2024-11-06 07:52:53,542198617,FaceStation 2 542198617 (192.168.8.205),All Users,200091,1:N authentication succeeded (Face)
2024-11-06 07:52:50,542198617,FaceStation 2 542198617 (192.168.8.205),All Users,200091,1:N authentication succeeded (Face)
2024-11-06 07:52:47,542198617,FaceStation 2 542198617 (192.168.8.205),All Users,200348,1:N authentication succeeded (Face)
2024-11-06 07:52:44,542198617,FaceStation 2 542198617 (192.168.8.205),All Users,200348,1:N authentication succeeded (Face)
2024-11-06 07:52:35,542198617,FaceStation 2 542198617 (192.168.8.205),All Users,200072,1:N authentication succeeded (Face)
2024-11-06 07:52:04,542198617,FaceStation 2 542198617 (192.168.8.205),All Users,200330,1:N authentication succeeded (Face)
2024-11-06 07:51:53,542198617,FaceStation 2 542198617 (192.168.8.205),All Users,200402,1:N authentication succeeded (Face)
2024-11-06 07:51:46,542198617,FaceStation 2 542198617 (192.168.8.205),All Users,200401,1:N authentication succeeded (Face)
2024-11-06 07:50:28,542198617,FaceStation 2 542198617 (192.168.8.205),All Users,200376,1:N authentication succeeded (Face)
2024-11-06 07:49:28,542198617,FaceStation 2 542198617 (192.168.8.205),All Users,200357,1:N authentication succeeded (Face)
2024-11-06 07:49:25,542198617,FaceStation 2 542198617 (192.168.8.205),All Users,200357,1:N authentication succeeded (Face)
2024-11-06 07:49:22,542198617,FaceStation 2 542198617 (192.168.8.205),All Users,200242,1:N authentication succeeded (Face)
2024-11-06 07:47:13,542198617,FaceStation 2 542198617 (192.168.8.205),All Users,200294,1:N authentication succeeded (Face)
2024-11-06 07:47:11,542198617,FaceStation 2 542198617 (192.168.8.205),All Users,200294,1:N authentication succeeded (Face)
2024-11-06 07:45:45,542198617,FaceStation 2 542198617 (192.168.8.205),All Users,993001024,1:N authentication succeeded (Face)
2024-11-06 07:40:41,542198617,FaceStation 2 542198617 (192.168.8.205),All Users,200042,1:N authentication succeeded (Face)
2024-11-06 07:40:38,542198617,FaceStation 2 542198617 (192.168.8.205),All Users,200042,1:N authentication succeeded (Face)
2024-11-06 07:29:50,542198617,FaceStation 2 542198617 (192.168.8.205),All Users,200062,1:N authentication succeeded (Face)
2024-11-06 07:29:48,542198617,FaceStation 2 542198617 (192.168.8.205),All Users,200062,1:N authentication succeeded (Face)
2024-11-06 07:27:24,542198617,FaceStation 2 542198617 (192.168.8.205),All Users,200368,1:N authentication succeeded (Face)
2024-11-06 07:27:21,542198617,FaceStation 2 542198617 (192.168.8.205),All Users,200368,1:N authentication succeeded (Face)
2024-11-06 07:26:14,542198617,FaceStation 2 542198617 (192.168.8.205),All Users,200337,1:N authentication succeeded (Face)
2024-11-06 07:26:11,542198617,FaceStation 2 542198617 (192.168.8.205),All Users,200337,1:N authentication succeeded (Face)
2024-11-06 07:25:23,542198617,FaceStation 2 542198617 (192.168.8.205),All Users,200398,1:N authentication succeeded (Face)
2024-11-06 07:24:19,542198617,FaceStation 2 542198617 (192.168.8.205),All Users,200392,1:N authentication succeeded (Face)
2024-11-06 07:24:16,542198617,FaceStation 2 542198617 (192.168.8.205),All Users,200392,1:N authentication succeeded (Face)
2024-11-06 07:24:13,542198617,FaceStation 2 542198617 (192.168.8.205),All Users,200392,1:N authentication succeeded (Face)
2024-11-06 07:02:47,542198617,FaceStation 2 542198617 (192.168.8.205),All Users,200003,1:N authentication succeeded (Face)
2024-11-06 07:02:45,542198617,FaceStation 2 542198617 (192.168.8.205),All Users,200003,1:N authentication succeeded (Face)
2024-11-06 06:59:24,542198617,FaceStation 2 542198617 (192.168.8.205),All Users,200389,1:N authentication succeeded (Face)
2024-11-06 06:59:21,542198617,FaceStation 2 542198617 (192.168.8.205),All Users,200389,1:N authentication succeeded (Face)
2024-11-06 06:59:19,542198617,FaceStation 2 542198617 (192.168.8.205),All Users,200389,1:N authentication succeeded (Face)
2024-11-06 06:59:15,542198617,FaceStation 2 542198617 (192.168.8.205),All Users,200389,1:N authentication succeeded (Face)
2024-11-05 23:29:47,542198617,FaceStation 2 542198617 (192.168.8.205),All Users,200003,1:N authentication succeeded (Face)
2024-11-05 23:29:45,542198617,FaceStation 2 542198617 (192.168.8.205),All Users,200003,1:N authentication succeeded (Face)
2024-11-05 23:03:27,542198617,FaceStation 2 542198617 (192.168.8.205),All Users,200003,1:N authentication succeeded (Face)
2024-11-05 23:03:24,542198617,FaceStation 2 542198617 (192.168.8.205),All Users,200003,1:N authentication succeeded (Face)
2024-11-05 19:59:45,542198617,FaceStation 2 542198617 (192.168.8.205),,,BioStar disconnected
2024-11-05 19:01:52,542198617,FaceStation 2 542198617 (192.168.8.205),All Users,200003,1:N authentication succeeded (Face)
2024-11-05 19:01:49,542198617,FaceStation 2 542198617 (192.168.8.205),All Users,200003,1:N authentication succeeded (Face)
2024-11-05 18:15:08,542198617,FaceStation 2 542198617 (192.168.8.205),All Users,200359,1:N authentication succeeded (Face)
2024-11-05 18:15:05,542198617,FaceStation 2 542198617 (192.168.8.205),All Users,200359,1:N authentication succeeded (Face)
2024-11-05 18:15:02,542198617,FaceStation 2 542198617 (192.168.8.205),All Users,200359,1:N authentication succeeded (Face)
2024-11-05 18:09:02,542198617,FaceStation 2 542198617 (192.168.8.205),All Users,993001024,1:N authentication succeeded (Face)
2024-11-05 18:08:39,542198617,FaceStation 2 542198617 (192.168.8.205),All Users,200398,1:N authentication succeeded (Face)
2024-11-05 17:58:59,542198617,FaceStation 2 542198617 (192.168.8.205),All Users,200342,1:N authentication succeeded (Face)
2024-11-05 17:56:57,542198617,FaceStation 2 542198617 (192.168.8.205),All Users,200174,1:N authentication succeeded (Face)
2024-11-05 17:56:55,542198617,FaceStation 2 542198617 (192.168.8.205),All Users,200174,1:N authentication succeeded (Face)
2024-11-05 17:55:01,542198617,FaceStation 2 542198617 (192.168.8.205),All Users,200174,1:N authentication succeeded (Face)
2024-11-05 17:54:58,542198617,FaceStation 2 542198617 (192.168.8.205),All Users,200174,1:N authentication succeeded (Face)
2024-11-05 17:54:54,542198617,FaceStation 2 542198617 (192.168.8.205),All Users,200166,1:N authentication succeeded (Face)
2024-11-05 17:54:47,542198617,FaceStation 2 542198617 (192.168.8.205),All Users,200346,1:N authentication succeeded (Face)
2024-11-05 17:54:45,542198617,FaceStation 2 542198617 (192.168.8.205),All Users,200346,1:N authentication succeeded (Face)
2024-11-05 17:54:29,542198617,FaceStation 2 542198617 (192.168.8.205),All Users,200166,1:N authentication succeeded (Face)
2024-11-05 17:54:25,542198617,FaceStation 2 542198617 (192.168.8.205),All Users,200413,1:N authentication succeeded (Face)
2024-11-05 17:54:22,542198617,FaceStation 2 542198617 (192.168.8.205),All Users,200391,1:N authentication succeeded (Face)
2024-11-05 17:54:19,542198617,FaceStation 2 542198617 (192.168.8.205),All Users,200391,1:N authentication succeeded (Face)
2024-11-05 17:53:52,542198617,FaceStation 2 542198617 (192.168.8.205),All Users,200402,1:N authentication succeeded (Face)
2024-11-05 17:53:49,542198617,FaceStation 2 542198617 (192.168.8.205),All Users,200064,1:N authentication succeeded (Face)
2024-11-05 17:53:46,542198617,FaceStation 2 542198617 (192.168.8.205),All Users,200401,1:N authentication succeeded (Face)
2024-11-05 17:53:42,542198617,FaceStation 2 542198617 (192.168.8.205),All Users,200434,1:N authentication succeeded (Face)
2024-11-05 17:53:38,542198617,FaceStation 2 542198617 (192.168.8.205),All Users,200072,1:N authentication succeeded (Face)
2024-11-05 17:53:35,542198617,FaceStation 2 542198617 (192.168.8.205),All Users,200418,1:N authentication succeeded (Face)
2024-11-05 17:53:33,542198617,FaceStation 2 542198617 (192.168.8.205),All Users,200441,1:N authentication succeeded (Face)
2024-11-05 17:53:30,542198617,FaceStation 2 542198617 (192.168.8.205),All Users,200015,1:N authentication succeeded (Face)
2024-11-05 17:53:26,542198617,FaceStation 2 542198617 (192.168.8.205),All Users,200015,1:N authentication succeeded (Face)
2024-11-05 17:53:21,542198617,FaceStation 2 542198617 (192.168.8.205),All Users,200392,1:N authentication succeeded (Face)
2024-11-05 17:53:18,542198617,FaceStation 2 542198617 (192.168.8.205),All Users,200437,1:N authentication succeeded (Face)
2024-11-05 17:53:15,542198617,FaceStation 2 542198617 (192.168.8.205),All Users,200427,1:N authentication succeeded (Face)
2024-11-05 17:53:10,542198617,FaceStation 2 542198617 (192.168.8.205),All Users,200439,1:N authentication succeeded (Face)
2024-11-05 17:53:08,542198617,FaceStation 2 542198617 (192.168.8.205),All Users,200439,1:N authentication succeeded (Face)
2024-11-05 17:53:05,542198617,FaceStation 2 542198617 (192.168.8.205),All Users,200415,1:N authentication succeeded (Face)
2024-11-05 17:53:02,542198617,FaceStation 2 542198617 (192.168.8.205),All Users,200415,1:N authentication succeeded (Face)
2024-11-05 17:52:59,542198617,FaceStation 2 542198617 (192.168.8.205),All Users,200416,1:N authentication succeeded (Face)
2024-11-05 17:52:56,542198617,FaceStation 2 542198617 (192.168.8.205),All Users,200416,1:N authentication succeeded (Face)
2024-11-05 17:52:52,542198617,FaceStation 2 542198617 (192.168.8.205),All Users,200217,1:N authentication succeeded (Face)
2024-11-05 17:52:50,542198617,FaceStation 2 542198617 (192.168.8.205),All Users,200028,1:N authentication succeeded (Face)
2024-11-05 17:52:47,542198617,FaceStation 2 542198617 (192.168.8.205),All Users,200028,1:N authentication succeeded (Face)
2024-11-05 17:52:44,542198617,FaceStation 2 542198617 (192.168.8.205),All Users,200337,1:N authentication succeeded (Face)
2024-11-05 17:52:40,542198617,FaceStation 2 542198617 (192.168.8.205),All Users,200357,1:N authentication succeeded (Face)
2024-11-05 17:52:38,542198617,FaceStation 2 542198617 (192.168.8.205),All Users,200357,1:N authentication succeeded (Face)
2024-11-05 17:52:34,542198617,FaceStation 2 542198617 (192.168.8.205),All Users,200329,1:N authentication succeeded (Face)
2024-11-05 17:52:31,542198617,FaceStation 2 542198617 (192.168.8.205),All Users,200395,1:N authentication succeeded (Face)
2024-11-05 17:52:28,542198617,FaceStation 2 542198617 (192.168.8.205),All Users,200395,1:N authentication succeeded (Face)
2024-11-05 17:52:25,542198617,FaceStation 2 542198617 (192.168.8.205),All Users,200386,1:N authentication succeeded (Face)
2024-11-05 17:52:22,542198617,FaceStation 2 542198617 (192.168.8.205),All Users,200352,1:N authentication succeeded (Face)
2024-11-05 17:52:19,542198617,FaceStation 2 542198617 (192.168.8.205),All Users,200352,1:N authentication succeeded (Face)
2024-11-05 17:52:17,542198617,FaceStation 2 542198617 (192.168.8.205),All Users,200222,1:N authentication succeeded (Face)
2024-11-05 17:52:14,542198617,FaceStation 2 542198617 (192.168.8.205),All Users,200222,1:N authentication succeeded (Face)
2024-11-05 17:52:11,542198617,FaceStation 2 542198617 (192.168.8.205),All Users,200294,1:N authentication succeeded (Face)
2024-11-05 17:52:08,542198617,FaceStation 2 542198617 (192.168.8.205),All Users,200294,1:N authentication succeeded (Face)
2024-11-05 17:52:04,542198617,FaceStation 2 542198617 (192.168.8.205),All Users,200186,1:N authentication succeeded (Face)
2024-11-05 17:52:00,542198617,FaceStation 2 542198617 (192.168.8.205),All Users,200011,1:N authentication succeeded (Face)
2024-11-05 17:51:58,542198617,FaceStation 2 542198617 (192.168.8.205),All Users,200011,1:N authentication succeeded (Face)
2024-11-05 17:51:54,542198617,FaceStation 2 542198617 (192.168.8.205),All Users,200440,1:N authentication succeeded (Face)
2024-11-05 17:51:48,542198617,FaceStation 2 542198617 (192.168.8.205),All Users,200066,1:N authentication succeeded (Face)
2024-11-05 17:51:43,542198617,FaceStation 2 542198617 (192.168.8.205),All Users,200425,1:N authentication succeeded (Face)
2024-11-05 17:51:41,542198617,FaceStation 2 542198617 (192.168.8.205),All Users,200091,1:N authentication succeeded (Face)
2024-11-05 17:51:38,542198617,FaceStation 2 542198617 (192.168.8.205),All Users,200091,1:N authentication succeeded (Face)
2024-11-05 17:51:34,542198617,FaceStation 2 542198617 (192.168.8.205),All Users,200414,1:N authentication succeeded (Face)
2024-11-05 17:51:30,542198617,FaceStation 2 542198617 (192.168.8.205),All Users,200023,1:N authentication succeeded (Face)
2024-11-05 17:51:27,542198617,FaceStation 2 542198617 (192.168.8.205),All Users,200023,1:N authentication succeeded (Face)
2024-11-05 17:51:24,542198617,FaceStation 2 542198617 (192.168.8.205),All Users,200422,1:N authentication succeeded (Face)
2024-11-05 17:51:21,542198617,FaceStation 2 542198617 (192.168.8.205),All Users,200074,1:N authentication succeeded (Face)
2024-11-05 17:51:18,542198617,FaceStation 2 542198617 (192.168.8.205),All Users,200042,1:N authentication succeeded (Face)
2024-11-05 17:51:16,542198617,FaceStation 2 542198617 (192.168.8.205),All Users,200042,1:N authentication succeeded (Face)
2024-11-05 17:51:12,542198617,FaceStation 2 542198617 (192.168.8.205),All Users,200348,1:N authentication succeeded (Face)
2024-11-05 17:51:09,542198617,FaceStation 2 542198617 (192.168.8.205),All Users,200348,1:N authentication succeeded (Face)
2024-11-05 17:51:05,542198617,FaceStation 2 542198617 (192.168.8.205),All Users,200330,1:N authentication succeeded (Face)
2024-11-05 17:51:02,542198617,FaceStation 2 542198617 (192.168.8.205),All Users,200372,1:N authentication succeeded (Face)
2024-11-05 17:50:59,542198617,FaceStation 2 542198617 (192.168.8.205),All Users,200367,1:N authentication succeeded (Face)
2024-11-05 17:50:57,542198617,FaceStation 2 542198617 (192.168.8.205),All Users,200367,1:N authentication succeeded (Face)
2024-11-05 17:50:54,542198617,FaceStation 2 542198617 (192.168.8.205),All Users,200376,1:N authentication succeeded (Face)
2024-11-05 17:50:51,542198617,FaceStation 2 542198617 (192.168.8.205),All Users,200385,1:N authentication succeeded (Face)
2024-11-05 17:50:48,542198617,FaceStation 2 542198617 (192.168.8.205),All Users,200001,1:N authentication succeeded (Face)
2024-11-05 17:50:45,542198617,FaceStation 2 542198617 (192.168.8.205),All Users,200001,1:N authentication succeeded (Face)
2024-11-05 17:50:43,542198617,FaceStation 2 542198617 (192.168.8.205),All Users,200031,1:N authentication succeeded (Face)
2024-11-05 17:50:39,542198617,FaceStation 2 542198617 (192.168.8.205),All Users,200408,1:N authentication succeeded (Face)
2024-11-05 17:50:35,542198617,FaceStation 2 542198617 (192.168.8.205),All Users,200408,1:N authentication succeeded (Face)
2024-11-05 17:50:28,542198617,FaceStation 2 542198617 (192.168.8.205),All Users,200110,1:N authentication succeeded (Face)
2024-11-05 17:50:22,542198617,FaceStation 2 542198617 (192.168.8.205),All Users,200242,1:N authentication succeeded (Face)
2024-11-05 13:45:39,542198617,FaceStation 2 542198617 (192.168.8.205),All Users,200385,1:N authentication succeeded (Face)
2024-11-05 13:34:31,542198617,FaceStation 2 542198617 (192.168.8.205),All Users,200434,1:N authentication succeeded (Face)
2024-11-05 13:25:01,542198617,FaceStation 2 542198617 (192.168.8.205),All Users,200398,1:N authentication succeeded (Face)
2024-11-05 13:19:32,542198617,FaceStation 2 542198617 (192.168.8.205),All Users,200425,1:N authentication succeeded (Face)
2024-11-05 13:19:22,542198617,FaceStation 2 542198617 (192.168.8.205),All Users,200066,1:N authentication succeeded (Face)
2024-11-05 13:18:49,542198617,FaceStation 2 542198617 (192.168.8.205),All Users,200222,1:N authentication succeeded (Face)
2024-11-05 13:18:46,542198617,FaceStation 2 542198617 (192.168.8.205),All Users,200222,1:N authentication succeeded (Face)
2024-11-05 13:18:23,542198617,FaceStation 2 542198617 (192.168.8.205),All Users,200242,1:N authentication succeeded (Face)
2024-11-05 13:18:04,542198617,FaceStation 2 542198617 (192.168.8.205),All Users,200422,1:N authentication succeeded (Face)
2024-11-05 13:18:01,542198617,FaceStation 2 542198617 (192.168.8.205),All Users,200359,1:N authentication succeeded (Face)
2024-11-05 13:17:59,542198617,FaceStation 2 542198617 (192.168.8.205),All Users,200359,1:N authentication succeeded (Face)
2024-11-05 13:17:28,542198617,FaceStation 2 542198617 (192.168.8.205),All Users,200392,1:N authentication succeeded (Face)
2024-11-05 13:17:14,542198617,FaceStation 2 542198617 (192.168.8.205),All Users,200072,1:N authentication succeeded (Face)
2024-11-05 13:17:10,542198617,FaceStation 2 542198617 (192.168.8.205),All Users,200015,1:N authentication succeeded (Face)
2024-11-05 13:17:07,542198617,FaceStation 2 542198617 (192.168.8.205),All Users,200015,1:N authentication succeeded (Face)
2024-11-05 13:17:01,542198617,FaceStation 2 542198617 (192.168.8.205),All Users,200441,1:N authentication succeeded (Face)
2024-11-05 13:16:57,542198617,FaceStation 2 542198617 (192.168.8.205),All Users,200439,1:N authentication succeeded (Face)
2024-11-05 13:16:54,542198617,FaceStation 2 542198617 (192.168.8.205),All Users,200416,1:N authentication succeeded (Face)
2024-11-05 13:16:51,542198617,FaceStation 2 542198617 (192.168.8.205),All Users,200074,1:N authentication succeeded (Face)
2024-11-05 13:16:48,542198617,FaceStation 2 542198617 (192.168.8.205),All Users,200011,1:N authentication succeeded (Face)
2024-11-05 13:16:45,542198617,FaceStation 2 542198617 (192.168.8.205),All Users,200042,1:N authentication succeeded (Face)
2024-11-05 13:16:42,542198617,FaceStation 2 542198617 (192.168.8.205),All Users,200042,1:N authentication succeeded (Face)
2024-11-05 13:16:32,542198617,FaceStation 2 542198617 (192.168.8.205),All Users,200415,1:N authentication succeeded (Face)
2024-11-05 13:16:29,542198617,FaceStation 2 542198617 (192.168.8.205),All Users,200415,1:N authentication succeeded (Face)
2024-11-05 13:16:24,542198617,FaceStation 2 542198617 (192.168.8.205),All Users,200186,1:N authentication succeeded (Face)
2024-11-05 13:16:21,542198617,FaceStation 2 542198617 (192.168.8.205),All Users,200427,1:N authentication succeeded (Face)
2024-11-05 13:16:17,542198617,FaceStation 2 542198617 (192.168.8.205),All Users,200031,1:N authentication succeeded (Face)
2024-11-05 13:16:01,542198617,FaceStation 2 542198617 (192.168.8.205),All Users,200003,1:N authentication succeeded (Face)
2024-11-05 13:15:59,542198617,FaceStation 2 542198617 (192.168.8.205),All Users,200003,1:N authentication succeeded (Face)
2024-11-05 13:15:54,542198617,FaceStation 2 542198617 (192.168.8.205),All Users,200352,1:N authentication succeeded (Face)
2024-11-05 13:15:52,542198617,FaceStation 2 542198617 (192.168.8.205),All Users,200352,1:N authentication succeeded (Face)
2024-11-05 13:15:37,542198617,FaceStation 2 542198617 (192.168.8.205),All Users,200110,1:N authentication succeeded (Face)
2024-11-05 13:15:32,542198617,FaceStation 2 542198617 (192.168.8.205),All Users,200174,1:N authentication succeeded (Face)
2024-11-05 13:15:29,542198617,FaceStation 2 542198617 (192.168.8.205),All Users,200174,1:N authentication succeeded (Face)
2024-11-05 13:15:24,542198617,FaceStation 2 542198617 (192.168.8.205),All Users,200001,1:N authentication succeeded (Face)
2024-11-05 13:15:22,542198617,FaceStation 2 542198617 (192.168.8.205),All Users,200001,1:N authentication succeeded (Face)
2024-11-05 13:15:12,542198617,FaceStation 2 542198617 (192.168.8.205),All Users,200091,1:N authentication succeeded (Face)
2024-11-05 13:15:09,542198617,FaceStation 2 542198617 (192.168.8.205),All Users,200348,1:N authentication succeeded (Face)
2024-11-05 13:15:06,542198617,FaceStation 2 542198617 (192.168.8.205),All Users,200348,1:N authentication succeeded (Face)
2024-11-05 13:14:21,542198617,FaceStation 2 542198617 (192.168.8.205),All Users,200342,1:N authentication succeeded (Face)
2024-11-05 13:14:18,542198617,FaceStation 2 542198617 (192.168.8.205),All Users,200342,1:N authentication succeeded (Face)
2024-11-05 13:14:09,542198617,FaceStation 2 542198617 (192.168.8.205),All Users,200357,1:N authentication succeeded (Face)
2024-11-05 13:14:05,542198617,FaceStation 2 542198617 (192.168.8.205),All Users,200357,1:N authentication succeeded (Face)
2024-11-05 13:13:27,542198617,FaceStation 2 542198617 (192.168.8.205),All Users,200386,1:N authentication succeeded (Face)
2024-11-05 13:13:13,542198617,FaceStation 2 542198617 (192.168.8.205),All Users,200440,1:N authentication succeeded (Face)
2024-11-05 13:13:08,542198617,FaceStation 2 542198617 (192.168.8.205),All Users,200329,1:N authentication succeeded (Face)
2024-11-05 13:13:04,542198617,FaceStation 2 542198617 (192.168.8.205),All Users,200395,1:N authentication succeeded (Face)
2024-11-05 13:13:02,542198617,FaceStation 2 542198617 (192.168.8.205),All Users,200395,1:N authentication succeeded (Face)
2024-11-05 13:12:34,542198617,FaceStation 2 542198617 (192.168.8.205),All Users,200414,1:N authentication succeeded (Face)
2024-11-05 13:12:27,542198617,FaceStation 2 542198617 (192.168.8.205),All Users,200437,1:N authentication succeeded (Face)
2024-11-05 13:11:32,542198617,FaceStation 2 542198617 (192.168.8.205),All Users,200064,1:N authentication succeeded (Face)
2024-11-05 13:10:59,542198617,FaceStation 2 542198617 (192.168.8.205),All Users,993001024,1:N authentication succeeded (Face)
2024-11-05 13:10:43,542198617,FaceStation 2 542198617 (192.168.8.205),All Users,200413,1:N authentication succeeded (Face)
2024-11-05 13:10:31,542198617,FaceStation 2 542198617 (192.168.8.205),All Users,200391,1:N authentication succeeded (Face)
2024-11-05 13:10:27,542198617,FaceStation 2 542198617 (192.168.8.205),All Users,200391,1:N authentication succeeded (Face)
2024-11-05 13:10:21,542198617,FaceStation 2 542198617 (192.168.8.205),All Users,200408,1:N authentication succeeded (Face)
2024-11-05 13:10:16,542198617,FaceStation 2 542198617 (192.168.8.205),All Users,200418,1:N authentication succeeded (Face)
2024-11-05 13:10:06,542198617,FaceStation 2 542198617 (192.168.8.205),All Users,200367,1:N authentication succeeded (Face)
2024-11-05 13:10:03,542198617,FaceStation 2 542198617 (192.168.8.205),All Users,200367,1:N authentication succeeded (Face)
2024-11-05 13:10:00,542198617,FaceStation 2 542198617 (192.168.8.205),All Users,200402,1:N authentication succeeded (Face)
2024-11-05 13:09:57,542198617,FaceStation 2 542198617 (192.168.8.205),All Users,200401,1:N authentication succeeded (Face)
2024-11-05 13:09:23,542198617,FaceStation 2 542198617 (192.168.8.205),All Users,200376,1:N authentication succeeded (Face)
2024-11-05 13:09:18,542198617,FaceStation 2 542198617 (192.168.8.205),All Users,200372,1:N authentication succeeded (Face)
2024-11-05 13:06:30,542198617,FaceStation 2 542198617 (192.168.8.205),All Users,200023,1:N authentication succeeded (Face)
2024-11-05 13:06:28,542198617,FaceStation 2 542198617 (192.168.8.205),All Users,200023,1:N authentication succeeded (Face)
2024-11-05 13:04:50,542198617,FaceStation 2 542198617 (192.168.8.205),All Users,200346,1:N authentication succeeded (Face)
2024-11-05 13:04:47,542198617,FaceStation 2 542198617 (192.168.8.205),All Users,200346,1:N authentication succeeded (Face)
2024-11-05 13:00:42,542198617,FaceStation 2 542198617 (192.168.8.205),All Users,200330,1:N authentication succeeded (Face)
2024-11-05 13:00:23,542198617,FaceStation 2 542198617 (192.168.8.205),All Users,200337,1:N authentication succeeded (Face)
2024-11-05 12:56:47,542198617,FaceStation 2 542198617 (192.168.8.205),All Users,200166,1:N authentication succeeded (Face)
2024-11-05 12:56:27,542198617,FaceStation 2 542198617 (192.168.8.205),All Users,200217,1:N authentication succeeded (Face)
2024-11-05 12:56:25,542198617,FaceStation 2 542198617 (192.168.8.205),All Users,200217,1:N authentication succeeded (Face)
2024-11-05 12:56:22,542198617,FaceStation 2 542198617 (192.168.8.205),All Users,200028,1:N authentication succeeded (Face)
2024-11-05 12:56:20,542198617,FaceStation 2 542198617 (192.168.8.205),All Users,200028,1:N authentication succeeded (Face)
2024-11-05 12:52:48,542198617,FaceStation 2 542198617 (192.168.8.205),All Users,200294,1:N authentication succeeded (Face)
2024-11-05 12:52:46,542198617,FaceStation 2 542198617 (192.168.8.205),All Users,200294,1:N authentication succeeded (Face)
2024-11-05 12:36:51,542198617,FaceStation 2 542198617 (192.168.8.205),All Users,200294,1:N authentication succeeded (Face)
2024-11-05 12:36:49,542198617,FaceStation 2 542198617 (192.168.8.205),All Users,200294,1:N authentication succeeded (Face)
2024-11-05 12:36:01,542198617,FaceStation 2 542198617 (192.168.8.205),All Users,200357,1:N authentication succeeded (Face)
2024-11-05 12:35:58,542198617,FaceStation 2 542198617 (192.168.8.205),All Users,200357,1:N authentication succeeded (Face)
2024-11-05 12:35:55,542198617,FaceStation 2 542198617 (192.168.8.205),All Users,200392,1:N authentication succeeded (Face)
2024-11-05 12:35:52,542198617,FaceStation 2 542198617 (192.168.8.205),All Users,200329,1:N authentication succeeded (Face)
2024-11-05 12:34:55,542198617,FaceStation 2 542198617 (192.168.8.205),All Users,200001,1:N authentication succeeded (Face)
2024-11-05 12:34:52,542198617,FaceStation 2 542198617 (192.168.8.205),All Users,200001,1:N authentication succeeded (Face)
2024-11-05 12:34:41,542198617,FaceStation 2 542198617 (192.168.8.205),All Users,200217,1:N authentication succeeded (Face)
2024-11-05 12:34:38,542198617,FaceStation 2 542198617 (192.168.8.205),All Users,200028,1:N authentication succeeded (Face)
2024-11-05 12:34:36,542198617,FaceStation 2 542198617 (192.168.8.205),All Users,200028,1:N authentication succeeded (Face)
2024-11-05 12:34:22,542198617,FaceStation 2 542198617 (192.168.8.205),All Users,200386,1:N authentication succeeded (Face)
2024-11-05 12:34:06,542198617,FaceStation 2 542198617 (192.168.8.205),All Users,200091,1:N authentication succeeded (Face)
2024-11-05 12:34:02,542198617,FaceStation 2 542198617 (192.168.8.205),All Users,200437,1:N authentication succeeded (Face)
2024-11-05 12:33:28,542198617,FaceStation 2 542198617 (192.168.8.205),All Users,200186,1:N authentication succeeded (Face)
2024-11-05 12:33:24,542198617,FaceStation 2 542198617 (192.168.8.205),All Users,200074,1:N authentication succeeded (Face)
2024-11-05 12:33:20,542198617,FaceStation 2 542198617 (192.168.8.205),All Users,200042,1:N authentication succeeded (Face)
2024-11-05 12:33:18,542198617,FaceStation 2 542198617 (192.168.8.205),All Users,200042,1:N authentication succeeded (Face)
2024-11-05 12:32:58,542198617,FaceStation 2 542198617 (192.168.8.205),All Users,200413,1:N authentication succeeded (Face)
2024-11-05 12:32:56,542198617,FaceStation 2 542198617 (192.168.8.205),All Users,200064,1:N authentication succeeded (Face)
2024-11-05 12:32:44,542198617,FaceStation 2 542198617 (192.168.8.205),All Users,200174,1:N authentication succeeded (Face)
2024-11-05 12:32:41,542198617,FaceStation 2 542198617 (192.168.8.205),All Users,200174,1:N authentication succeeded (Face)
2024-11-05 12:32:32,542198617,FaceStation 2 542198617 (192.168.8.205),All Users,200346,1:N authentication succeeded (Face)
2024-11-05 12:32:30,542198617,FaceStation 2 542198617 (192.168.8.205),All Users,200346,1:N authentication succeeded (Face)
2024-11-05 12:31:49,542198617,FaceStation 2 542198617 (192.168.8.205),All Users,200367,1:N authentication succeeded (Face)
2024-11-05 12:31:47,542198617,FaceStation 2 542198617 (192.168.8.205),All Users,200367,1:N authentication succeeded (Face)
2024-11-05 12:31:40,542198617,FaceStation 2 542198617 (192.168.8.205),All Users,200337,1:N authentication succeeded (Face)
2024-11-05 12:31:31,542198617,FaceStation 2 542198617 (192.168.8.205),All Users,200166,1:N authentication succeeded (Face)
2024-11-05 12:31:19,542198617,FaceStation 2 542198617 (192.168.8.205),All Users,200398,1:N authentication succeeded (Face)
2024-11-05 12:31:15,542198617,FaceStation 2 542198617 (192.168.8.205),All Users,200440,1:N authentication succeeded (Face)
2024-11-05 12:31:12,542198617,FaceStation 2 542198617 (192.168.8.205),All Users,200395,1:N authentication succeeded (Face)
2024-11-05 12:31:10,542198617,FaceStation 2 542198617 (192.168.8.205),All Users,200395,1:N authentication succeeded (Face)
2024-11-05 12:31:06,542198617,FaceStation 2 542198617 (192.168.8.205),All Users,200072,1:N authentication succeeded (Face)
2024-11-05 12:31:03,542198617,FaceStation 2 542198617 (192.168.8.205),All Users,200359,1:N authentication succeeded (Face)
2024-11-05 12:30:58,542198617,FaceStation 2 542198617 (192.168.8.205),All Users,200359,1:N authentication succeeded (Face)
2024-11-05 12:30:55,542198617,FaceStation 2 542198617 (192.168.8.205),All Users,200422,1:N authentication succeeded (Face)
2024-11-05 12:30:52,542198617,FaceStation 2 542198617 (192.168.8.205),All Users,200330,1:N authentication succeeded (Face)
2024-11-05 12:30:45,542198617,FaceStation 2 542198617 (192.168.8.205),All Users,200391,1:N authentication succeeded (Face)
2024-11-05 12:30:41,542198617,FaceStation 2 542198617 (192.168.8.205),All Users,200391,1:N authentication succeeded (Face)
2024-11-05 12:30:36,542198617,FaceStation 2 542198617 (192.168.8.205),All Users,200003,1:N authentication succeeded (Face)
2024-11-05 12:30:33,542198617,FaceStation 2 542198617 (192.168.8.205),All Users,200003,1:N authentication succeeded (Face)
2024-11-05 12:30:28,542198617,FaceStation 2 542198617 (192.168.8.205),All Users,200434,1:N authentication succeeded (Face)
2024-11-05 12:30:25,542198617,FaceStation 2 542198617 (192.168.8.205),All Users,200415,1:N authentication succeeded (Face)
2024-11-05 12:30:22,542198617,FaceStation 2 542198617 (192.168.8.205),All Users,200416,1:N authentication succeeded (Face)
2024-11-05 12:30:19,542198617,FaceStation 2 542198617 (192.168.8.205),All Users,200015,1:N authentication succeeded (Face)
2024-11-05 12:30:16,542198617,FaceStation 2 542198617 (192.168.8.205),All Users,200015,1:N authentication succeeded (Face)
2024-11-05 12:29:50,542198617,FaceStation 2 542198617 (192.168.8.205),All Users,993001024,1:N authentication succeeded (Face)
2024-11-05 12:29:47,542198617,FaceStation 2 542198617 (192.168.8.205),All Users,200427,1:N authentication succeeded (Face)
2024-11-05 12:29:43,542198617,FaceStation 2 542198617 (192.168.8.205),All Users,200066,1:N authentication succeeded (Face)
2024-11-05 12:29:37,542198617,FaceStation 2 542198617 (192.168.8.205),All Users,200023,1:N authentication succeeded (Face)
2024-11-05 12:29:34,542198617,FaceStation 2 542198617 (192.168.8.205),All Users,200023,1:N authentication succeeded (Face)
2024-11-05 12:29:29,542198617,FaceStation 2 542198617 (192.168.8.205),All Users,200011,1:N authentication succeeded (Face)
2024-11-05 12:29:25,542198617,FaceStation 2 542198617 (192.168.8.205),All Users,200439,1:N authentication succeeded (Face)
2024-11-05 12:29:21,542198617,FaceStation 2 542198617 (192.168.8.205),All Users,200441,1:N authentication succeeded (Face)
2024-11-05 12:29:18,542198617,FaceStation 2 542198617 (192.168.8.205),All Users,200408,1:N authentication succeeded (Face)
2024-11-05 12:29:14,542198617,FaceStation 2 542198617 (192.168.8.205),All Users,200352,1:N authentication succeeded (Face)
2024-11-05 12:29:11,542198617,FaceStation 2 542198617 (192.168.8.205),All Users,200348,1:N authentication succeeded (Face)
2024-11-05 12:29:08,542198617,FaceStation 2 542198617 (192.168.8.205),All Users,200348,1:N authentication succeeded (Face)
2024-11-05 12:29:05,542198617,FaceStation 2 542198617 (192.168.8.205),All Users,200242,1:N authentication succeeded (Face)
2024-11-05 12:29:01,542198617,FaceStation 2 542198617 (192.168.8.205),All Users,200222,1:N authentication succeeded (Face)
2024-11-05 12:28:57,542198617,FaceStation 2 542198617 (192.168.8.205),All Users,200110,1:N authentication succeeded (Face)
2024-11-05 12:28:53,542198617,FaceStation 2 542198617 (192.168.8.205),All Users,200418,1:N authentication succeeded (Face)
2024-11-05 12:28:50,542198617,FaceStation 2 542198617 (192.168.8.205),All Users,200342,1:N authentication succeeded (Face)
2024-11-05 12:28:47,542198617,FaceStation 2 542198617 (192.168.8.205),All Users,200385,1:N authentication succeeded (Face)
2024-11-05 12:28:44,542198617,FaceStation 2 542198617 (192.168.8.205),All Users,200401,1:N authentication succeeded (Face)
2024-11-05 12:28:41,542198617,FaceStation 2 542198617 (192.168.8.205),All Users,200425,1:N authentication succeeded (Face)
2024-11-05 12:28:38,542198617,FaceStation 2 542198617 (192.168.8.205),All Users,200372,1:N authentication succeeded (Face)
2024-11-05 12:28:35,542198617,FaceStation 2 542198617 (192.168.8.205),All Users,200376,1:N authentication succeeded (Face)
2024-11-05 12:28:31,542198617,FaceStation 2 542198617 (192.168.8.205),All Users,200414,1:N authentication succeeded (Face)
2024-11-05 12:28:28,542198617,FaceStation 2 542198617 (192.168.8.205),All Users,200402,1:N authentication succeeded (Face)
2024-11-05 12:28:22,542198617,FaceStation 2 542198617 (192.168.8.205),All Users,200031,1:N authentication succeeded (Face)
2024-11-05 10:15:21,542198617,FaceStation 2 542198617 (192.168.8.205),All Users,200166,1:N authentication succeeded (Face)
2024-11-05 08:31:56,542198617,FaceStation 2 542198617 (192.168.8.205),All Users,200413,1:N authentication succeeded (Face)
2024-11-05 08:16:53,542198617,FaceStation 2 542198617 (192.168.8.205),All Users,200064,1:N authentication succeeded (Face)
2024-11-05 08:15:49,542198617,FaceStation 2 542198617 (192.168.8.205),All Users,200427,1:N authentication succeeded (Face)
2024-11-05 08:15:44,542198617,FaceStation 2 542198617 (192.168.8.205),All Users,200186,1:N authentication succeeded (Face)
2024-11-05 08:15:15,542198617,FaceStation 2 542198617 (192.168.8.205),All Users,200414,1:N authentication succeeded (Face)
2024-11-05 08:15:10,542198617,FaceStation 2 542198617 (192.168.8.205),All Users,200425,1:N authentication succeeded (Face)
2024-11-05 08:13:18,542198617,FaceStation 2 542198617 (192.168.8.205),All Users,200386,1:N authentication succeeded (Face)
2024-11-05 08:13:00,542198617,FaceStation 2 542198617 (192.168.8.205),All Users,200074,1:N authentication succeeded (Face)
2024-11-05 08:12:19,542198617,FaceStation 2 542198617 (192.168.8.205),All Users,200359,1:N authentication succeeded (Face)
2024-11-05 08:12:16,542198617,FaceStation 2 542198617 (192.168.8.205),All Users,200359,1:N authentication succeeded (Face)
2024-11-05 08:09:25,542198617,FaceStation 2 542198617 (192.168.8.205),All Users,200066,1:N authentication succeeded (Face)
2024-11-05 08:08:53,542198617,FaceStation 2 542198617 (192.168.8.205),All Users,200434,1:N authentication succeeded (Face)
2024-11-05 08:04:53,542198617,FaceStation 2 542198617 (192.168.8.205),All Users,200217,1:N authentication succeeded (Face)
2024-11-05 08:04:50,542198617,FaceStation 2 542198617 (192.168.8.205),All Users,200217,1:N authentication succeeded (Face)
2024-11-05 08:04:11,542198617,FaceStation 2 542198617 (192.168.8.205),All Users,200385,1:N authentication succeeded (Face)
2024-11-05 08:04:04,542198617,FaceStation 2 542198617 (192.168.8.205),All Users,200352,1:N authentication succeeded (Face)
2024-11-05 08:04:02,542198617,FaceStation 2 542198617 (192.168.8.205),All Users,200352,1:N authentication succeeded (Face)
2024-11-05 08:03:58,542198617,FaceStation 2 542198617 (192.168.8.205),All Users,200222,1:N authentication succeeded (Face)
2024-11-05 08:03:56,542198617,FaceStation 2 542198617 (192.168.8.205),All Users,200222,1:N authentication succeeded (Face)
2024-11-05 08:03:38,542198617,FaceStation 2 542198617 (192.168.8.205),All Users,200031,1:N authentication succeeded (Face)
2024-11-05 08:03:22,542198617,FaceStation 2 542198617 (192.168.8.205),All Users,200441,1:N authentication succeeded (Face)
2024-11-05 08:03:20,542198617,FaceStation 2 542198617 (192.168.8.205),All Users,200441,1:N authentication succeeded (Face)
2024-11-05 08:03:05,542198617,FaceStation 2 542198617 (192.168.8.205),All Users,200342,1:N authentication succeeded (Face)
2024-11-05 08:03:02,542198617,FaceStation 2 542198617 (192.168.8.205),All Users,200342,1:N authentication succeeded (Face)
2024-11-05 08:02:48,542198617,FaceStation 2 542198617 (192.168.8.205),All Users,200337,1:N authentication succeeded (Face)
2024-11-05 08:02:46,542198617,FaceStation 2 542198617 (192.168.8.205),All Users,200337,1:N authentication succeeded (Face)
2024-11-05 08:02:32,542198617,FaceStation 2 542198617 (192.168.8.205),All Users,200437,1:N authentication succeeded (Face)
2024-11-05 08:02:10,542198617,FaceStation 2 542198617 (192.168.8.205),All Users,200015,1:N authentication succeeded (Face)
2024-11-05 08:02:07,542198617,FaceStation 2 542198617 (192.168.8.205),All Users,200015,1:N authentication succeeded (Face)
2024-11-05 08:01:54,542198617,FaceStation 2 542198617 (192.168.8.205),All Users,200001,1:N authentication succeeded (Face)
2024-11-05 08:01:51,542198617,FaceStation 2 542198617 (192.168.8.205),All Users,200001,1:N authentication succeeded (Face)
2024-11-05 08:01:35,542198617,FaceStation 2 542198617 (192.168.8.205),All Users,200415,1:N authentication succeeded (Face)
2024-11-05 08:01:33,542198617,FaceStation 2 542198617 (192.168.8.205),All Users,200415,1:N authentication succeeded (Face)
2024-11-05 08:01:30,542198617,FaceStation 2 542198617 (192.168.8.205),All Users,200416,1:N authentication succeeded (Face)
2024-11-05 08:01:28,542198617,FaceStation 2 542198617 (192.168.8.205),All Users,200416,1:N authentication succeeded (Face)
2024-11-05 08:01:18,542198617,FaceStation 2 542198617 (192.168.8.205),All Users,200110,1:N authentication succeeded (Face)
2024-11-05 07:59:28,542198617,FaceStation 2 542198617 (192.168.8.205),All Users,200418,1:N authentication succeeded (Face)
2024-11-05 07:59:25,542198617,FaceStation 2 542198617 (192.168.8.205),All Users,200329,1:N authentication succeeded (Face)
2024-11-05 07:59:22,542198617,FaceStation 2 542198617 (192.168.8.205),All Users,200395,1:N authentication succeeded (Face)
2024-11-05 07:59:19,542198617,FaceStation 2 542198617 (192.168.8.205),All Users,200395,1:N authentication succeeded (Face)
2024-11-05 07:58:51,542198617,FaceStation 2 542198617 (192.168.8.205),All Users,200422,1:N authentication succeeded (Face)
2024-11-05 07:58:47,542198617,FaceStation 2 542198617 (192.168.8.205),All Users,200028,1:N authentication succeeded (Face)
2024-11-05 07:58:44,542198617,FaceStation 2 542198617 (192.168.8.205),All Users,200028,1:N authentication succeeded (Face)
2024-11-05 07:58:33,542198617,FaceStation 2 542198617 (192.168.8.205),All Users,200440,1:N authentication succeeded (Face)
2024-11-05 07:58:30,542198617,FaceStation 2 542198617 (192.168.8.205),All Users,200440,1:N authentication succeeded (Face)
2024-11-05 07:58:27,542198617,FaceStation 2 542198617 (192.168.8.205),All Users,200023,1:N authentication succeeded (Face)
2024-11-05 07:58:24,542198617,FaceStation 2 542198617 (192.168.8.205),All Users,200023,1:N authentication succeeded (Face)
2024-11-05 07:57:53,542198617,FaceStation 2 542198617 (192.168.8.205),All Users,200372,1:N authentication succeeded (Face)
2024-11-05 07:56:26,542198617,FaceStation 2 542198617 (192.168.8.205),All Users,200439,1:N authentication succeeded (Face)
2024-11-05 07:56:23,542198617,FaceStation 2 542198617 (192.168.8.205),All Users,200439,1:N authentication succeeded (Face)
2024-11-05 07:56:02,542198617,FaceStation 2 542198617 (192.168.8.205),All Users,200072,1:N authentication succeeded (Face)
2024-11-05 07:54:26,542198617,FaceStation 2 542198617 (192.168.8.205),All Users,200348,1:N authentication succeeded (Face)
2024-11-05 07:54:21,542198617,FaceStation 2 542198617 (192.168.8.205),All Users,200348,1:N authentication succeeded (Face)
2024-11-05 07:54:17,542198617,FaceStation 2 542198617 (192.168.8.205),All Users,200091,1:N authentication succeeded (Face)
2024-11-05 07:54:14,542198617,FaceStation 2 542198617 (192.168.8.205),All Users,200091,1:N authentication succeeded (Face)
2024-11-05 07:52:45,542198617,FaceStation 2 542198617 (192.168.8.205),,,BioStar connected
2024-11-05 07:51:57,542198617,FaceStation 2 542198617 (192.168.8.205),All Users,200357,1:N authentication succeeded (Face)
2024-11-05 07:51:53,542198617,FaceStation 2 542198617 (192.168.8.205),All Users,200357,1:N authentication succeeded (Face)
2024-11-05 07:51:48,542198617,FaceStation 2 542198617 (192.168.8.205),All Users,200408,1:N authentication succeeded (Face)
2024-11-05 07:51:45,542198617,FaceStation 2 542198617 (192.168.8.205),All Users,200408,1:N authentication succeeded (Face)
2024-11-05 07:51:32,542198617,FaceStation 2 542198617 (192.168.8.205),All Users,200367,1:N authentication succeeded (Face)
2024-11-05 07:51:30,542198617,FaceStation 2 542198617 (192.168.8.205),All Users,200367,1:N authentication succeeded (Face)
2024-11-05 07:51:26,542198617,FaceStation 2 542198617 (192.168.8.205),All Users,200242,1:N authentication succeeded (Face)
2024-11-05 07:51:23,542198617,FaceStation 2 542198617 (192.168.8.205),All Users,200242,1:N authentication succeeded (Face)
2024-11-05 07:50:54,542198617,FaceStation 2 542198617 (192.168.8.205),All Users,200376,1:N authentication succeeded (Face)
2024-11-05 07:50:50,542198617,FaceStation 2 542198617 (192.168.8.205),All Users,200011,1:N authentication succeeded (Face)
2024-11-05 07:50:47,542198617,FaceStation 2 542198617 (192.168.8.205),All Users,200011,1:N authentication succeeded (Face)
2024-11-05 07:50:37,542198617,FaceStation 2 542198617 (192.168.8.205),All Users,200330,1:N authentication succeeded (Face)
2024-11-05 07:47:14,542198617,FaceStation 2 542198617 (192.168.8.205),All Users,993001024,1:N authentication succeeded (Face)
2024-11-05 07:45:12,542198617,FaceStation 2 542198617 (192.168.8.205),All Users,200174,1:N authentication succeeded (Face)
2024-11-05 07:45:10,542198617,FaceStation 2 542198617 (192.168.8.205),All Users,200174,1:N authentication succeeded (Face)
2024-11-05 07:45:07,542198617,FaceStation 2 542198617 (192.168.8.205),All Users,200174,1:N authentication succeeded (Face)
2024-11-05 07:44:49,542198617,FaceStation 2 542198617 (192.168.8.205),All Users,200391,1:N authentication succeeded (Face)
2024-11-05 07:44:47,542198617,FaceStation 2 542198617 (192.168.8.205),All Users,200391,1:N authentication succeeded (Face)
2024-11-05 07:44:32,542198617,FaceStation 2 542198617 (192.168.8.205),All Users,200392,1:N authentication succeeded (Face)
2024-11-05 07:44:28,542198617,FaceStation 2 542198617 (192.168.8.205),All Users,200392,1:N authentication succeeded (Face)
2024-11-05 07:44:26,542198617,FaceStation 2 542198617 (192.168.8.205),All Users,200392,1:N authentication succeeded (Face)
2024-11-05 07:42:22,542198617,FaceStation 2 542198617 (192.168.8.205),All Users,200294,1:N authentication succeeded (Face)
2024-11-05 07:42:19,542198617,FaceStation 2 542198617 (192.168.8.205),All Users,200294,1:N authentication succeeded (Face)
2024-11-05 07:38:40,542198617,FaceStation 2 542198617 (192.168.8.205),All Users,200402,1:N authentication succeeded (Face)
2024-11-05 07:38:37,542198617,FaceStation 2 542198617 (192.168.8.205),All Users,200402,1:N authentication succeeded (Face)
2024-11-05 07:38:35,542198617,FaceStation 2 542198617 (192.168.8.205),All Users,200401,1:N authentication succeeded (Face)
2024-11-05 07:38:04,542198617,FaceStation 2 542198617 (192.168.8.205),All Users,200042,1:N authentication succeeded (Face)
2024-11-05 07:38:02,542198617,FaceStation 2 542198617 (192.168.8.205),All Users,200042,1:N authentication succeeded (Face)
2024-11-05 07:34:21,542198617,FaceStation 2 542198617 (192.168.8.205),All Users,200398,1:N authentication succeeded (Face)
2024-11-05 07:32:27,542198617,FaceStation 2 542198617 (192.168.8.205),All Users,200346,1:N authentication succeeded (Face)
2024-11-05 07:32:25,542198617,FaceStation 2 542198617 (192.168.8.205),All Users,200346,1:N authentication succeeded (Face)
2024-11-05 06:49:23,542198617,FaceStation 2 542198617 (192.168.8.205),All Users,200003,1:N authentication succeeded (Face)
2024-11-05 06:49:20,542198617,FaceStation 2 542198617 (192.168.8.205),All Users,200003,1:N authentication succeeded (Face)
2024-11-05 06:30:05,542198617,FaceStation 2 542198617 (192.168.8.205),All Users,200389,1:N authentication succeeded (Face)
2024-11-05 06:30:03,542198617,FaceStation 2 542198617 (192.168.8.205),All Users,200389,1:N authentication succeeded (Face)
2024-11-05 06:30:00,542198617,FaceStation 2 542198617 (192.168.8.205),All Users,200389,1:N authentication succeeded (Face)
2024-11-04 20:22:24,542198617,FaceStation 2 542198617 (192.168.8.205),All Users,200389,1:N authentication succeeded (Face)
2024-11-04 20:22:22,542198617,FaceStation 2 542198617 (192.168.8.205),All Users,200389,1:N authentication succeeded (Face)
2024-11-04 20:22:19,542198617,FaceStation 2 542198617 (192.168.8.205),All Users,200389,1:N authentication succeeded (Face)
2024-11-04 19:37:36,542198617,FaceStation 2 542198617 (192.168.8.205),,,BioStar disconnected
2024-11-04 18:31:59,542198617,FaceStation 2 542198617 (192.168.8.205),All Users,993001024,1:N authentication succeeded (Face)
2024-11-04 18:31:57,542198617,FaceStation 2 542198617 (192.168.8.205),All Users,993001024,1:N authentication succeeded (Face)
2024-11-04 18:03:21,542198617,FaceStation 2 542198617 (192.168.8.205),All Users,200342,1:N authentication succeeded (Face)
2024-11-04 18:03:16,542198617,FaceStation 2 542198617 (192.168.8.205),All Users,200441,1:N authentication succeeded (Face)
2024-11-04 18:03:14,542198617,FaceStation 2 542198617 (192.168.8.205),All Users,200441,1:N authentication succeeded (Face)
2024-11-04 18:03:11,542198617,FaceStation 2 542198617 (192.168.8.205),All Users,200439,1:N authentication succeeded (Face)
2024-11-04 18:03:08,542198617,FaceStation 2 542198617 (192.168.8.205),All Users,200439,1:N authentication succeeded (Face)
2024-11-04 18:01:03,542198617,FaceStation 2 542198617 (192.168.8.205),All Users,200359,1:N authentication succeeded (Face)
2024-11-04 18:01:01,542198617,FaceStation 2 542198617 (192.168.8.205),All Users,200359,1:N authentication succeeded (Face)
2024-11-04 18:00:58,542198617,FaceStation 2 542198617 (192.168.8.205),All Users,200359,1:N authentication succeeded (Face)
2024-11-04 18:00:55,542198617,FaceStation 2 542198617 (192.168.8.205),All Users,200359,1:N authentication succeeded (Face)
2024-11-04 17:58:13,542198617,FaceStation 2 542198617 (192.168.8.205),All Users,200398,1:N authentication succeeded (Face)
2024-11-04 17:58:09,542198617,FaceStation 2 542198617 (192.168.8.205),All Users,200398,1:N authentication succeeded (Face)
2024-11-04 17:56:34,542198617,FaceStation 2 542198617 (192.168.8.205),All Users,200415,1:N authentication succeeded (Face)
2024-11-04 17:56:31,542198617,FaceStation 2 542198617 (192.168.8.205),All Users,200415,1:N authentication succeeded (Face)
2024-11-04 17:56:27,542198617,FaceStation 2 542198617 (192.168.8.205),All Users,200415,1:N authentication succeeded (Face)
2024-11-04 17:56:22,542198617,FaceStation 2 542198617 (192.168.8.205),All Users,200294,1:N authentication succeeded (Face)
2024-11-04 17:56:20,542198617,FaceStation 2 542198617 (192.168.8.205),All Users,200294,1:N authentication succeeded (Face)
2024-11-04 17:56:04,542198617,FaceStation 2 542198617 (192.168.8.205),All Users,200416,1:N authentication succeeded (Face)
2024-11-04 17:56:02,542198617,FaceStation 2 542198617 (192.168.8.205),All Users,200416,1:N authentication succeeded (Face)
2024-11-04 17:53:28,542198617,FaceStation 2 542198617 (192.168.8.205),All Users,200174,1:N authentication succeeded (Face)
2024-11-04 17:53:25,542198617,FaceStation 2 542198617 (192.168.8.205),All Users,200174,1:N authentication succeeded (Face)
2024-11-04 17:53:22,542198617,FaceStation 2 542198617 (192.168.8.205),All Users,200391,1:N authentication succeeded (Face)
2024-11-04 17:53:19,542198617,FaceStation 2 542198617 (192.168.8.205),All Users,200391,1:N authentication succeeded (Face)
2024-11-04 17:53:15,542198617,FaceStation 2 542198617 (192.168.8.205),All Users,200434,1:N authentication succeeded (Face)
2024-11-04 17:53:10,542198617,FaceStation 2 542198617 (192.168.8.205),All Users,200015,1:N authentication succeeded (Face)
2024-11-04 17:53:08,542198617,FaceStation 2 542198617 (192.168.8.205),All Users,200015,1:N authentication succeeded (Face)
2024-11-04 17:53:04,542198617,FaceStation 2 542198617 (192.168.8.205),All Users,200437,1:N authentication succeeded (Face)
2024-11-04 17:53:00,542198617,FaceStation 2 542198617 (192.168.8.205),All Users,200346,1:N authentication succeeded (Face)
2024-11-04 17:52:57,542198617,FaceStation 2 542198617 (192.168.8.205),All Users,200186,1:N authentication succeeded (Face)
2024-11-04 17:52:53,542198617,FaceStation 2 542198617 (192.168.8.205),All Users,200011,1:N authentication succeeded (Face)
2024-11-04 17:52:51,542198617,FaceStation 2 542198617 (192.168.8.205),All Users,200011,1:N authentication succeeded (Face)
2024-11-04 17:52:48,542198617,FaceStation 2 542198617 (192.168.8.205),All Users,200064,1:N authentication succeeded (Face)
2024-11-04 17:52:43,542198617,FaceStation 2 542198617 (192.168.8.205),All Users,200072,1:N authentication succeeded (Face)
2024-11-04 17:52:40,542198617,FaceStation 2 542198617 (192.168.8.205),All Users,200418,1:N authentication succeeded (Face)
2024-11-04 17:52:36,542198617,FaceStation 2 542198617 (192.168.8.205),All Users,200066,1:N authentication succeeded (Face)
2024-11-04 17:52:32,542198617,FaceStation 2 542198617 (192.168.8.205),All Users,200440,1:N authentication succeeded (Face)
2024-11-04 17:52:28,542198617,FaceStation 2 542198617 (192.168.8.205),All Users,200166,1:N authentication succeeded (Face)
2024-11-04 17:52:18,542198617,FaceStation 2 542198617 (192.168.8.205),All Users,200062,1:N authentication succeeded (Face)
2024-11-04 17:52:16,542198617,FaceStation 2 542198617 (192.168.8.205),All Users,200062,1:N authentication succeeded (Face)
2024-11-04 17:52:09,542198617,FaceStation 2 542198617 (192.168.8.205),All Users,200217,1:N authentication succeeded (Face)
2024-11-04 17:52:07,542198617,FaceStation 2 542198617 (192.168.8.205),All Users,200028,1:N authentication succeeded (Face)
2024-11-04 17:52:04,542198617,FaceStation 2 542198617 (192.168.8.205),All Users,200028,1:N authentication succeeded (Face)
2024-11-04 17:52:02,542198617,FaceStation 2 542198617 (192.168.8.205),All Users,200242,1:N authentication succeeded (Face)
2024-11-04 17:51:59,542198617,FaceStation 2 542198617 (192.168.8.205),All Users,200337,1:N authentication succeeded (Face)
2024-11-04 17:51:56,542198617,FaceStation 2 542198617 (192.168.8.205),All Users,200337,1:N authentication succeeded (Face)
2024-11-04 17:51:53,542198617,FaceStation 2 542198617 (192.168.8.205),All Users,200352,1:N authentication succeeded (Face)
2024-11-04 17:51:51,542198617,FaceStation 2 542198617 (192.168.8.205),All Users,200352,1:N authentication succeeded (Face)
2024-11-04 17:51:47,542198617,FaceStation 2 542198617 (192.168.8.205),All Users,200222,1:N authentication succeeded (Face)
2024-11-04 17:51:44,542198617,FaceStation 2 542198617 (192.168.8.205),All Users,200222,1:N authentication succeeded (Face)
2024-11-04 17:51:40,542198617,FaceStation 2 542198617 (192.168.8.205),All Users,200023,1:N authentication succeeded (Face)
2024-11-04 17:51:38,542198617,FaceStation 2 542198617 (192.168.8.205),All Users,200023,1:N authentication succeeded (Face)
2024-11-04 17:51:35,542198617,FaceStation 2 542198617 (192.168.8.205),All Users,200074,1:N authentication succeeded (Face)
2024-11-04 17:51:32,542198617,FaceStation 2 542198617 (192.168.8.205),All Users,200042,1:N authentication succeeded (Face)
2024-11-04 17:51:29,542198617,FaceStation 2 542198617 (192.168.8.205),All Users,200042,1:N authentication succeeded (Face)
2024-11-04 17:51:27,542198617,FaceStation 2 542198617 (192.168.8.205),All Users,200091,1:N authentication succeeded (Face)
2024-11-04 17:51:24,542198617,FaceStation 2 542198617 (192.168.8.205),All Users,200091,1:N authentication succeeded (Face)
2024-11-04 17:51:21,542198617,FaceStation 2 542198617 (192.168.8.205),All Users,200110,1:N authentication succeeded (Face)
2024-11-04 17:51:17,542198617,FaceStation 2 542198617 (192.168.8.205),All Users,200422,1:N authentication succeeded (Face)
2024-11-04 17:51:15,542198617,FaceStation 2 542198617 (192.168.8.205),All Users,200413,1:N authentication succeeded (Face)
2024-11-04 17:51:12,542198617,FaceStation 2 542198617 (192.168.8.205),All Users,200367,1:N authentication succeeded (Face)
2024-11-04 17:51:09,542198617,FaceStation 2 542198617 (192.168.8.205),All Users,200367,1:N authentication succeeded (Face)
2024-11-04 17:51:05,542198617,FaceStation 2 542198617 (192.168.8.205),All Users,200329,1:N authentication succeeded (Face)
2024-11-04 17:51:03,542198617,FaceStation 2 542198617 (192.168.8.205),All Users,200395,1:N authentication succeeded (Face)
2024-11-04 17:51:00,542198617,FaceStation 2 542198617 (192.168.8.205),All Users,200395,1:N authentication succeeded (Face)
2024-11-04 17:50:57,542198617,FaceStation 2 542198617 (192.168.8.205),All Users,200414,1:N authentication succeeded (Face)
2024-11-04 17:50:54,542198617,FaceStation 2 542198617 (192.168.8.205),All Users,200357,1:N authentication succeeded (Face)
2024-11-04 17:50:51,542198617,FaceStation 2 542198617 (192.168.8.205),All Users,200357,1:N authentication succeeded (Face)
2024-11-04 17:50:48,542198617,FaceStation 2 542198617 (192.168.8.205),All Users,200330,1:N authentication succeeded (Face)
2024-11-04 17:50:44,542198617,FaceStation 2 542198617 (192.168.8.205),All Users,200425,1:N authentication succeeded (Face)
2024-11-04 17:50:42,542198617,FaceStation 2 542198617 (192.168.8.205),All Users,200368,1:N authentication succeeded (Face)
2024-11-04 17:50:39,542198617,FaceStation 2 542198617 (192.168.8.205),All Users,200372,1:N authentication succeeded (Face)
2024-11-04 17:50:36,542198617,FaceStation 2 542198617 (192.168.8.205),All Users,200001,1:N authentication succeeded (Face)
2024-11-04 17:50:33,542198617,FaceStation 2 542198617 (192.168.8.205),All Users,200001,1:N authentication succeeded (Face)
2024-11-04 17:50:30,542198617,FaceStation 2 542198617 (192.168.8.205),All Users,200348,1:N authentication succeeded (Face)
2024-11-04 17:50:28,542198617,FaceStation 2 542198617 (192.168.8.205),All Users,200348,1:N authentication succeeded (Face)
2024-11-04 17:50:17,542198617,FaceStation 2 542198617 (192.168.8.205),All Users,200376,1:N authentication succeeded (Face)
2024-11-04 17:50:14,542198617,FaceStation 2 542198617 (192.168.8.205),All Users,200392,1:N authentication succeeded (Face)
2024-11-04 17:50:03,542198617,FaceStation 2 542198617 (192.168.8.205),All Users,200408,1:N authentication succeeded (Face)
2024-11-04 14:30:20,542198617,FaceStation 2 542198617 (192.168.8.205),All Users,200174,1:N authentication succeeded (Face)
2024-11-04 14:30:17,542198617,FaceStation 2 542198617 (192.168.8.205),All Users,200174,1:N authentication succeeded (Face)
2024-11-04 14:24:19,542198617,FaceStation 2 542198617 (192.168.8.205),All Users,993001024,1:N authentication succeeded (Face)
2024-11-04 13:34:35,542198617,FaceStation 2 542198617 (192.168.8.205),All Users,200434,1:N authentication succeeded (Face)
2024-11-04 13:22:57,542198617,FaceStation 2 542198617 (192.168.8.205),All Users,200414,1:N authentication succeeded (Face)
2024-11-04 13:22:53,542198617,FaceStation 2 542198617 (192.168.8.205),All Users,200425,1:N authentication succeeded (Face)
2024-11-04 13:19:20,542198617,FaceStation 2 542198617 (192.168.8.205),All Users,200066,1:N authentication succeeded (Face)
2024-11-04 13:18:33,542198617,FaceStation 2 542198617 (192.168.8.205),All Users,200441,1:N authentication succeeded (Face)
2024-11-04 13:18:29,542198617,FaceStation 2 542198617 (192.168.8.205),All Users,200415,1:N authentication succeeded (Face)
2024-11-04 13:18:04,542198617,FaceStation 2 542198617 (192.168.8.205),All Users,200439,1:N authentication succeeded (Face)
2024-11-04 13:18:00,542198617,FaceStation 2 542198617 (192.168.8.205),All Users,200416,1:N authentication succeeded (Face)
2024-11-04 13:17:57,542198617,FaceStation 2 542198617 (192.168.8.205),All Users,200416,1:N authentication succeeded (Face)
2024-11-04 13:17:20,542198617,FaceStation 2 542198617 (192.168.8.205),All Users,200359,1:N authentication succeeded (Face)
2024-11-04 13:17:17,542198617,FaceStation 2 542198617 (192.168.8.205),All Users,200359,1:N authentication succeeded (Face)
2024-11-04 13:17:08,542198617,FaceStation 2 542198617 (192.168.8.205),All Users,200242,1:N authentication succeeded (Face)
2024-11-04 13:17:05,542198617,FaceStation 2 542198617 (192.168.8.205),All Users,200329,1:N authentication succeeded (Face)
2024-11-04 13:17:02,542198617,FaceStation 2 542198617 (192.168.8.205),All Users,200395,1:N authentication succeeded (Face)
2024-11-04 13:16:59,542198617,FaceStation 2 542198617 (192.168.8.205),All Users,200395,1:N authentication succeeded (Face)
2024-11-04 13:16:56,542198617,FaceStation 2 542198617 (192.168.8.205),All Users,200074,1:N authentication succeeded (Face)
2024-11-04 13:16:54,542198617,FaceStation 2 542198617 (192.168.8.205),All Users,200042,1:N authentication succeeded (Face)
2024-11-04 13:16:51,542198617,FaceStation 2 542198617 (192.168.8.205),All Users,200042,1:N authentication succeeded (Face)
2024-11-04 13:16:48,542198617,FaceStation 2 542198617 (192.168.8.205),All Users,200011,1:N authentication succeeded (Face)
2024-11-04 13:16:19,542198617,FaceStation 2 542198617 (192.168.8.205),All Users,200352,1:N authentication succeeded (Face)
2024-11-04 13:16:16,542198617,FaceStation 2 542198617 (192.168.8.205),All Users,200352,1:N authentication succeeded (Face)
2024-11-04 13:16:13,542198617,FaceStation 2 542198617 (192.168.8.205),All Users,200222,1:N authentication succeeded (Face)
2024-11-04 13:16:11,542198617,FaceStation 2 542198617 (192.168.8.205),All Users,200222,1:N authentication succeeded (Face)
2024-11-04 13:16:06,542198617,FaceStation 2 542198617 (192.168.8.205),All Users,200072,1:N authentication succeeded (Face)
2024-11-04 13:15:57,542198617,FaceStation 2 542198617 (192.168.8.205),All Users,200398,1:N authentication succeeded (Face)
2024-11-04 13:15:44,542198617,FaceStation 2 542198617 (192.168.8.205),All Users,200342,1:N authentication succeeded (Face)
2024-11-04 13:15:42,542198617,FaceStation 2 542198617 (192.168.8.205),All Users,200342,1:N authentication succeeded (Face)
2024-11-04 13:15:21,542198617,FaceStation 2 542198617 (192.168.8.205),All Users,200015,1:N authentication succeeded (Face)
2024-11-04 13:15:18,542198617,FaceStation 2 542198617 (192.168.8.205),All Users,200015,1:N authentication succeeded (Face)
2024-11-04 13:14:57,542198617,FaceStation 2 542198617 (192.168.8.205),All Users,200001,1:N authentication succeeded (Face)
2024-11-04 13:14:54,542198617,FaceStation 2 542198617 (192.168.8.205),All Users,200001,1:N authentication succeeded (Face)
2024-11-04 13:14:36,542198617,FaceStation 2 542198617 (192.168.8.205),All Users,200437,1:N authentication succeeded (Face)
2024-11-04 13:14:29,542198617,FaceStation 2 542198617 (192.168.8.205),All Users,200091,1:N authentication succeeded (Face)
2024-11-04 13:14:26,542198617,FaceStation 2 542198617 (192.168.8.205),All Users,200186,1:N authentication succeeded (Face)
2024-11-04 13:14:12,542198617,FaceStation 2 542198617 (192.168.8.205),All Users,200348,1:N authentication succeeded (Face)
2024-11-04 13:14:10,542198617,FaceStation 2 542198617 (192.168.8.205),All Users,200348,1:N authentication succeeded (Face)
2024-11-04 13:13:58,542198617,FaceStation 2 542198617 (192.168.8.205),All Users,200110,1:N authentication succeeded (Face)
2024-11-04 13:13:40,542198617,FaceStation 2 542198617 (192.168.8.205),All Users,200440,1:N authentication succeeded (Face)
2024-11-04 13:13:16,542198617,FaceStation 2 542198617 (192.168.8.205),All Users,200413,1:N authentication succeeded (Face)
2024-11-04 13:12:22,542198617,FaceStation 2 542198617 (192.168.8.205),All Users,200408,1:N authentication succeeded (Face)
2024-11-04 13:11:40,542198617,FaceStation 2 542198617 (192.168.8.205),All Users,200367,1:N authentication succeeded (Face)
2024-11-04 13:11:37,542198617,FaceStation 2 542198617 (192.168.8.205),All Users,200367,1:N authentication succeeded (Face)
2024-11-04 13:11:12,542198617,FaceStation 2 542198617 (192.168.8.205),All Users,200357,1:N authentication succeeded (Face)
2024-11-04 13:11:10,542198617,FaceStation 2 542198617 (192.168.8.205),All Users,200357,1:N authentication succeeded (Face)
2024-11-04 13:09:49,542198617,FaceStation 2 542198617 (192.168.8.205),All Users,200418,1:N authentication succeeded (Face)
2024-11-04 13:09:18,542198617,FaceStation 2 542198617 (192.168.8.205),All Users,200376,1:N authentication succeeded (Face)
2024-11-04 13:09:13,542198617,FaceStation 2 542198617 (192.168.8.205),All Users,200372,1:N authentication succeeded (Face)
2024-11-04 13:08:30,542198617,FaceStation 2 542198617 (192.168.8.205),All Users,200064,1:N authentication succeeded (Face)
2024-11-04 13:08:05,542198617,FaceStation 2 542198617 (192.168.8.205),All Users,200368,1:N authentication succeeded (Face)
2024-11-04 13:07:27,542198617,FaceStation 2 542198617 (192.168.8.205),All Users,200166,1:N authentication succeeded (Face)
2024-11-04 13:07:09,542198617,FaceStation 2 542198617 (192.168.8.205),All Users,200062,1:N authentication succeeded (Face)
2024-11-04 13:07:07,542198617,FaceStation 2 542198617 (192.168.8.205),All Users,200062,1:N authentication succeeded (Face)
2024-11-04 13:06:18,542198617,FaceStation 2 542198617 (192.168.8.205),All Users,200392,1:N authentication succeeded (Face)
2024-11-04 13:05:41,542198617,FaceStation 2 542198617 (192.168.8.205),All Users,200023,1:N authentication succeeded (Face)
2024-11-04 13:05:38,542198617,FaceStation 2 542198617 (192.168.8.205),All Users,200023,1:N authentication succeeded (Face)
2024-11-04 13:05:23,542198617,FaceStation 2 542198617 (192.168.8.205),All Users,200391,1:N authentication succeeded (Face)
2024-11-04 13:05:20,542198617,FaceStation 2 542198617 (192.168.8.205),All Users,200391,1:N authentication succeeded (Face)
2024-11-04 13:02:01,542198617,FaceStation 2 542198617 (192.168.8.205),All Users,200330,1:N authentication succeeded (Face)
2024-11-04 13:01:57,542198617,FaceStation 2 542198617 (192.168.8.205),All Users,200217,1:N authentication succeeded (Face)
2024-11-04 13:01:54,542198617,FaceStation 2 542198617 (192.168.8.205),All Users,200028,1:N authentication succeeded (Face)
2024-11-04 13:01:50,542198617,FaceStation 2 542198617 (192.168.8.205),All Users,200028,1:N authentication succeeded (Face)
2024-11-04 13:01:46,542198617,FaceStation 2 542198617 (192.168.8.205),All Users,200346,1:N authentication succeeded (Face)
2024-11-04 13:01:44,542198617,FaceStation 2 542198617 (192.168.8.205),All Users,200346,1:N authentication succeeded (Face)
2024-11-04 12:51:18,542198617,FaceStation 2 542198617 (192.168.8.205),All Users,200422,1:N authentication succeeded (Face)
2024-11-04 12:50:24,542198617,FaceStation 2 542198617 (192.168.8.205),All Users,200294,1:N authentication succeeded (Face)
2024-11-04 12:50:21,542198617,FaceStation 2 542198617 (192.168.8.205),All Users,200294,1:N authentication succeeded (Face)
2024-11-04 12:50:04,542198617,FaceStation 2 542198617 (192.168.8.205),All Users,200337,1:N authentication succeeded (Face)
2024-11-04 12:49:38,542198617,FaceStation 2 542198617 (192.168.8.205),All Users,200001,1:N authentication succeeded (Face)
2024-11-04 12:49:32,542198617,FaceStation 2 542198617 (192.168.8.205),All Users,200398,1:N authentication succeeded (Face)
2024-11-04 12:39:02,542198617,FaceStation 2 542198617 (192.168.8.205),All Users,200186,1:N authentication succeeded (Face)
2024-11-04 12:38:02,542198617,FaceStation 2 542198617 (192.168.8.205),All Users,200329,1:N authentication succeeded (Face)
2024-11-04 12:38:00,542198617,FaceStation 2 542198617 (192.168.8.205),All Users,200395,1:N authentication succeeded (Face)
2024-11-04 12:37:56,542198617,FaceStation 2 542198617 (192.168.8.205),All Users,200395,1:N authentication succeeded (Face)
2024-11-04 12:36:04,542198617,FaceStation 2 542198617 (192.168.8.205),All Users,993001024,1:N authentication succeeded (Face)
2024-11-04 12:36:02,542198617,FaceStation 2 542198617 (192.168.8.205),All Users,200359,1:N authentication succeeded (Face)
2024-11-04 12:35:10,542198617,FaceStation 2 542198617 (192.168.8.205),All Users,200294,1:N authentication succeeded (Face)
2024-11-04 12:35:07,542198617,FaceStation 2 542198617 (192.168.8.205),All Users,200294,1:N authentication succeeded (Face)
2024-11-04 12:34:37,542198617,FaceStation 2 542198617 (192.168.8.205),All Users,200357,1:N authentication succeeded (Face)
2024-11-04 12:34:34,542198617,FaceStation 2 542198617 (192.168.8.205),All Users,200357,1:N authentication succeeded (Face)
2024-11-04 12:34:31,542198617,FaceStation 2 542198617 (192.168.8.205),All Users,200392,1:N authentication succeeded (Face)
2024-11-04 12:34:28,542198617,FaceStation 2 542198617 (192.168.8.205),All Users,200064,1:N authentication succeeded (Face)
2024-11-04 12:34:17,542198617,FaceStation 2 542198617 (192.168.8.205),All Users,200416,1:N authentication succeeded (Face)
2024-11-04 12:34:15,542198617,FaceStation 2 542198617 (192.168.8.205),All Users,200416,1:N authentication succeeded (Face)
2024-11-04 12:33:46,542198617,FaceStation 2 542198617 (192.168.8.205),All Users,200413,1:N authentication succeeded (Face)
2024-11-04 12:33:28,542198617,FaceStation 2 542198617 (192.168.8.205),All Users,200415,1:N authentication succeeded (Face)
2024-11-04 12:33:23,542198617,FaceStation 2 542198617 (192.168.8.205),All Users,200391,1:N authentication succeeded (Face)
2024-11-04 12:33:20,542198617,FaceStation 2 542198617 (192.168.8.205),All Users,200391,1:N authentication succeeded (Face)
2024-11-04 12:32:56,542198617,FaceStation 2 542198617 (192.168.8.205),All Users,200001,1:N authentication succeeded (Face)
2024-11-04 12:32:53,542198617,FaceStation 2 542198617 (192.168.8.205),All Users,200001,1:N authentication succeeded (Face)
2024-11-04 12:32:51,542198617,FaceStation 2 542198617 (192.168.8.205),All Users,200174,1:N authentication succeeded (Face)
2024-11-04 12:32:48,542198617,FaceStation 2 542198617 (192.168.8.205),All Users,200174,1:N authentication succeeded (Face)
2024-11-04 12:32:29,542198617,FaceStation 2 542198617 (192.168.8.205),All Users,200166,1:N authentication succeeded (Face)
2024-11-04 12:32:20,542198617,FaceStation 2 542198617 (192.168.8.205),All Users,200422,1:N authentication succeeded (Face)
2024-11-04 12:32:17,542198617,FaceStation 2 542198617 (192.168.8.205),All Users,200074,1:N authentication succeeded (Face)
2024-11-04 12:32:14,542198617,FaceStation 2 542198617 (192.168.8.205),All Users,200011,1:N authentication succeeded (Face)
2024-11-04 12:32:07,542198617,FaceStation 2 542198617 (192.168.8.205),All Users,200062,1:N authentication succeeded (Face)
2024-11-04 12:32:04,542198617,FaceStation 2 542198617 (192.168.8.205),All Users,200062,1:N authentication succeeded (Face)
2024-11-04 12:31:49,542198617,FaceStation 2 542198617 (192.168.8.205),All Users,200367,1:N authentication succeeded (Face)
2024-11-04 12:31:47,542198617,FaceStation 2 542198617 (192.168.8.205),All Users,200367,1:N authentication succeeded (Face)
2024-11-04 12:31:27,542198617,FaceStation 2 542198617 (192.168.8.205),All Users,200437,1:N authentication succeeded (Face)
2024-11-04 12:31:22,542198617,FaceStation 2 542198617 (192.168.8.205),All Users,200346,1:N authentication succeeded (Face)
2024-11-04 12:31:18,542198617,FaceStation 2 542198617 (192.168.8.205),All Users,200346,1:N authentication succeeded (Face)
2024-11-04 12:31:14,542198617,FaceStation 2 542198617 (192.168.8.205),All Users,200217,1:N authentication succeeded (Face)
2024-11-04 12:31:11,542198617,FaceStation 2 542198617 (192.168.8.205),All Users,200028,1:N authentication succeeded (Face)
2024-11-04 12:31:09,542198617,FaceStation 2 542198617 (192.168.8.205),All Users,200028,1:N authentication succeeded (Face)
2024-11-04 12:31:03,542198617,FaceStation 2 542198617 (192.168.8.205),All Users,200408,1:N authentication succeeded (Face)
2024-11-04 12:30:59,542198617,FaceStation 2 542198617 (192.168.8.205),All Users,200091,1:N authentication succeeded (Face)
2024-11-04 12:30:55,542198617,FaceStation 2 542198617 (192.168.8.205),All Users,200434,1:N authentication succeeded (Face)
2024-11-04 12:30:51,542198617,FaceStation 2 542198617 (192.168.8.205),All Users,200242,1:N authentication succeeded (Face)
2024-11-04 12:30:47,542198617,FaceStation 2 542198617 (192.168.8.205),All Users,200066,1:N authentication succeeded (Face)
2024-11-04 12:30:43,542198617,FaceStation 2 542198617 (192.168.8.205),All Users,200352,1:N authentication succeeded (Face)
2024-11-04 12:30:37,542198617,FaceStation 2 542198617 (192.168.8.205),All Users,200348,1:N authentication succeeded (Face)
2024-11-04 12:30:34,542198617,FaceStation 2 542198617 (192.168.8.205),All Users,200348,1:N authentication succeeded (Face)
2024-11-04 12:30:31,542198617,FaceStation 2 542198617 (192.168.8.205),All Users,200222,1:N authentication succeeded (Face)
2024-11-04 12:30:28,542198617,FaceStation 2 542198617 (192.168.8.205),All Users,200222,1:N authentication succeeded (Face)
2024-11-04 12:30:25,542198617,FaceStation 2 542198617 (192.168.8.205),All Users,200042,1:N authentication succeeded (Face)
2024-11-04 12:30:23,542198617,FaceStation 2 542198617 (192.168.8.205),All Users,200042,1:N authentication succeeded (Face)
2024-11-04 12:30:20,542198617,FaceStation 2 542198617 (192.168.8.205),All Users,200414,1:N authentication succeeded (Face)
2024-11-04 12:30:17,542198617,FaceStation 2 542198617 (192.168.8.205),All Users,200425,1:N authentication succeeded (Face)
2024-11-04 12:30:14,542198617,FaceStation 2 542198617 (192.168.8.205),All Users,200330,1:N authentication succeeded (Face)
2024-11-04 12:30:09,542198617,FaceStation 2 542198617 (192.168.8.205),All Users,200440,1:N authentication succeeded (Face)
2024-11-04 12:30:06,542198617,FaceStation 2 542198617 (192.168.8.205),All Users,200015,1:N authentication succeeded (Face)
2024-11-04 12:30:00,542198617,FaceStation 2 542198617 (192.168.8.205),All Users,200015,1:N authentication succeeded (Face)
2024-11-04 12:29:57,542198617,FaceStation 2 542198617 (192.168.8.205),All Users,200023,1:N authentication succeeded (Face)
2024-11-04 12:29:54,542198617,FaceStation 2 542198617 (192.168.8.205),All Users,200023,1:N authentication succeeded (Face)
2024-11-04 12:29:51,542198617,FaceStation 2 542198617 (192.168.8.205),All Users,200368,1:N authentication succeeded (Face)
2024-11-04 12:29:48,542198617,FaceStation 2 542198617 (192.168.8.205),All Users,200110,1:N authentication succeeded (Face)
2024-11-04 12:29:45,542198617,FaceStation 2 542198617 (192.168.8.205),All Users,200342,1:N authentication succeeded (Face)
2024-11-04 12:29:41,542198617,FaceStation 2 542198617 (192.168.8.205),All Users,200441,1:N authentication succeeded (Face)
2024-11-04 12:29:37,542198617,FaceStation 2 542198617 (192.168.8.205),All Users,200072,1:N authentication succeeded (Face)
2024-11-04 12:29:34,542198617,FaceStation 2 542198617 (192.168.8.205),All Users,200439,1:N authentication succeeded (Face)
2024-11-04 12:29:14,542198617,FaceStation 2 542198617 (192.168.8.205),All Users,200418,1:N authentication succeeded (Face)
2024-11-04 12:28:59,542198617,FaceStation 2 542198617 (192.168.8.205),All Users,200372,1:N authentication succeeded (Face)
2024-11-04 12:28:56,542198617,FaceStation 2 542198617 (192.168.8.205),All Users,200376,1:N authentication succeeded (Face)
2024-11-04 12:28:47,542198617,FaceStation 2 542198617 (192.168.8.205),All Users,200337,1:N authentication succeeded (Face)
2024-11-04 11:31:05,542198617,FaceStation 2 542198617 (192.168.8.205),All Users,200091,1:N authentication succeeded (Face)
2024-11-04 11:31:02,542198617,FaceStation 2 542198617 (192.168.8.205),All Users,200091,1:N authentication succeeded (Face)
2024-11-04 11:18:17,542198617,FaceStation 2 542198617 (192.168.8.205),,,Device time changed
2024-11-04 11:18:09,542198617,FaceStation 2 542198617 (192.168.8.205),,,Device time changed
2024-11-04 11:17:38,542198617,FaceStation 2 542198617 (192.168.8.205),,,BioStar connected
2024-11-04 09:54:34,542198617,FaceStation 2 542198617 (192.168.8.205),All Users,200342,1:N authentication succeeded (Face)
2024-11-04 09:54:31,542198617,FaceStation 2 542198617 (192.168.8.205),All Users,200342,1:N authentication succeeded (Face)
2024-11-04 09:10:31,542198617,FaceStation 2 542198617 (192.168.8.205),All Users,200337,1:N authentication succeeded (Face)
2024-11-04 09:10:26,542198617,FaceStation 2 542198617 (192.168.8.205),All Users,200337,1:N authentication succeeded (Face)
2024-11-04 09:03:33,542198617,FaceStation 2 542198617 (192.168.8.205),All Users,200066,1:N authentication succeeded (Face)
2024-11-04 08:57:36,542198617,FaceStation 2 542198617 (192.168.8.205),All Users,200015,1:N authentication succeeded (Face)
2024-11-04 08:57:34,542198617,FaceStation 2 542198617 (192.168.8.205),All Users,200015,1:N authentication succeeded (Face)
2024-11-04 08:34:38,542198617,FaceStation 2 542198617 (192.168.8.205),All Users,200064,1:N authentication succeeded (Face)
2024-11-04 08:16:38,542198617,FaceStation 2 542198617 (192.168.8.205),All Users,200425,1:N authentication succeeded (Face)
2024-11-04 08:16:34,542198617,FaceStation 2 542198617 (192.168.8.205),All Users,200414,1:N authentication succeeded (Face)
2024-11-04 08:14:15,542198617,FaceStation 2 542198617 (192.168.8.205),All Users,200074,1:N authentication succeeded (Face)
2024-11-04 08:12:54,542198617,FaceStation 2 542198617 (192.168.8.205),All Users,200416,1:N authentication succeeded (Face)
2024-11-04 08:12:51,542198617,FaceStation 2 542198617 (192.168.8.205),All Users,200416,1:N authentication succeeded (Face)
2024-11-04 08:11:37,542198617,FaceStation 2 542198617 (192.168.8.205),All Users,200186,1:N authentication succeeded (Face)
2024-11-04 08:08:50,542198617,FaceStation 2 542198617 (192.168.8.205),All Users,200359,1:N authentication succeeded (Face)
2024-11-04 08:08:48,542198617,FaceStation 2 542198617 (192.168.8.205),All Users,200359,1:N authentication succeeded (Face)
2024-11-04 08:08:31,542198617,FaceStation 2 542198617 (192.168.8.205),All Users,200217,1:N authentication succeeded (Face)
2024-11-04 08:08:28,542198617,FaceStation 2 542198617 (192.168.8.205),All Users,200217,1:N authentication succeeded (Face)
2024-11-04 08:08:25,542198617,FaceStation 2 542198617 (192.168.8.205),All Users,200352,1:N authentication succeeded (Face)
2024-11-04 08:08:22,542198617,FaceStation 2 542198617 (192.168.8.205),All Users,200352,1:N authentication succeeded (Face)
2024-11-04 08:08:20,542198617,FaceStation 2 542198617 (192.168.8.205),All Users,200222,1:N authentication succeeded (Face)
2024-11-04 08:08:17,542198617,FaceStation 2 542198617 (192.168.8.205),All Users,200222,1:N authentication succeeded (Face)
2024-11-04 08:08:14,542198617,FaceStation 2 542198617 (192.168.8.205),All Users,200439,1:N authentication succeeded (Face)
2024-11-04 08:08:11,542198617,FaceStation 2 542198617 (192.168.8.205),All Users,200439,1:N authentication succeeded (Face)
2024-11-04 08:06:33,542198617,FaceStation 2 542198617 (192.168.8.205),All Users,200413,1:N authentication succeeded (Face)
2024-11-04 08:06:31,542198617,FaceStation 2 542198617 (192.168.8.205),All Users,200413,1:N authentication succeeded (Face)
2024-11-04 08:05:25,542198617,FaceStation 2 542198617 (192.168.8.205),All Users,200434,1:N authentication succeeded (Face)
2024-11-04 08:03:55,542198617,FaceStation 2 542198617 (192.168.8.205),All Users,200437,1:N authentication succeeded (Face)
2024-11-04 08:03:11,542198617,FaceStation 2 542198617 (192.168.8.205),All Users,200166,1:N authentication succeeded (Face)
2024-11-04 08:02:45,542198617,FaceStation 2 542198617 (192.168.8.205),All Users,200174,1:N authentication succeeded (Face)
2024-11-04 08:02:42,542198617,FaceStation 2 542198617 (192.168.8.205),All Users,200174,1:N authentication succeeded (Face)
2024-11-04 08:02:39,542198617,FaceStation 2 542198617 (192.168.8.205),All Users,200391,1:N authentication succeeded (Face)
2024-11-04 08:02:36,542198617,FaceStation 2 542198617 (192.168.8.205),All Users,200391,1:N authentication succeeded (Face)
2024-11-04 08:02:08,542198617,FaceStation 2 542198617 (192.168.8.205),All Users,200441,1:N authentication succeeded (Face)
2024-11-04 08:02:05,542198617,FaceStation 2 542198617 (192.168.8.205),All Users,200441,1:N authentication succeeded (Face)
2024-11-04 08:01:20,542198617,FaceStation 2 542198617 (192.168.8.205),All Users,200110,1:N authentication succeeded (Face)
2024-11-04 08:01:11,542198617,FaceStation 2 542198617 (192.168.8.205),All Users,200001,1:N authentication succeeded (Face)
2024-11-04 08:01:08,542198617,FaceStation 2 542198617 (192.168.8.205),All Users,200001,1:N authentication succeeded (Face)
2024-11-04 08:00:54,542198617,FaceStation 2 542198617 (192.168.8.205),All Users,200329,1:N authentication succeeded (Face)
2024-11-04 08:00:51,542198617,FaceStation 2 542198617 (192.168.8.205),All Users,200395,1:N authentication succeeded (Face)
2024-11-04 08:00:49,542198617,FaceStation 2 542198617 (192.168.8.205),All Users,200395,1:N authentication succeeded (Face)
2024-11-04 07:59:21,542198617,FaceStation 2 542198617 (192.168.8.205),All Users,200072,1:N authentication succeeded (Face)
2024-11-04 07:58:18,542198617,FaceStation 2 542198617 (192.168.8.205),All Users,200418,1:N authentication succeeded (Face)
2024-11-04 07:56:57,542198617,FaceStation 2 542198617 (192.168.8.205),All Users,200028,1:N authentication succeeded (Face)
2024-11-04 07:56:55,542198617,FaceStation 2 542198617 (192.168.8.205),All Users,200028,1:N authentication succeeded (Face)
2024-11-04 07:56:51,542198617,FaceStation 2 542198617 (192.168.8.205),All Users,200372,1:N authentication succeeded (Face)
2024-11-04 07:56:40,542198617,FaceStation 2 542198617 (192.168.8.205),All Users,200422,1:N authentication succeeded (Face)
2024-11-04 07:56:29,542198617,FaceStation 2 542198617 (192.168.8.205),All Users,200415,1:N authentication succeeded (Face)
2024-11-04 07:56:26,542198617,FaceStation 2 542198617 (192.168.8.205),All Users,200415,1:N authentication succeeded (Face)
2024-11-04 07:56:10,542198617,FaceStation 2 542198617 (192.168.8.205),All Users,200023,1:N authentication succeeded (Face)
2024-11-04 07:56:05,542198617,FaceStation 2 542198617 (192.168.8.205),All Users,200023,1:N authentication succeeded (Face)
2024-11-04 07:56:00,542198617,FaceStation 2 542198617 (192.168.8.205),All Users,200440,1:N authentication succeeded (Face)
2024-11-04 07:55:57,542198617,FaceStation 2 542198617 (192.168.8.205),All Users,200440,1:N authentication succeeded (Face)
2024-11-04 07:55:08,542198617,FaceStation 2 542198617 (192.168.8.205),All Users,200348,1:N authentication succeeded (Face)
2024-11-04 07:55:06,542198617,FaceStation 2 542198617 (192.168.8.205),All Users,200348,1:N authentication succeeded (Face)
2024-11-04 07:54:04,542198617,FaceStation 2 542198617 (192.168.8.205),All Users,200346,1:N authentication succeeded (Face)
2024-11-04 07:54:02,542198617,FaceStation 2 542198617 (192.168.8.205),All Users,200346,1:N authentication succeeded (Face)
2024-11-04 07:52:57,542198617,FaceStation 2 542198617 (192.168.8.205),All Users,200330,1:N authentication succeeded (Face)
2024-11-04 07:52:17,542198617,FaceStation 2 542198617 (192.168.8.205),All Users,200367,1:N authentication succeeded (Face)
2024-11-04 07:52:15,542198617,FaceStation 2 542198617 (192.168.8.205),All Users,200367,1:N authentication succeeded (Face)
2024-11-04 07:52:11,542198617,FaceStation 2 542198617 (192.168.8.205),All Users,200408,1:N authentication succeeded (Face)
2024-11-04 07:51:25,542198617,FaceStation 2 542198617 (192.168.8.205),All Users,200357,1:N authentication succeeded (Face)
2024-11-04 07:51:21,542198617,FaceStation 2 542198617 (192.168.8.205),All Users,200357,1:N authentication succeeded (Face)
2024-11-04 07:51:05,542198617,FaceStation 2 542198617 (192.168.8.205),All Users,200376,1:N authentication succeeded (Face)
2024-11-04 07:50:46,542198617,FaceStation 2 542198617 (192.168.8.205),All Users,200011,1:N authentication succeeded (Face)
2024-11-04 07:50:43,542198617,FaceStation 2 542198617 (192.168.8.205),All Users,200011,1:N authentication succeeded (Face)
2024-11-04 07:50:10,542198617,FaceStation 2 542198617 (192.168.8.205),All Users,200242,1:N authentication succeeded (Face)
2024-11-04 07:48:44,542198617,FaceStation 2 542198617 (192.168.8.205),All Users,200294,1:N authentication succeeded (Face)
2024-11-04 07:48:41,542198617,FaceStation 2 542198617 (192.168.8.205),All Users,200294,1:N authentication succeeded (Face)
2024-11-04 07:42:47,542198617,FaceStation 2 542198617 (192.168.8.205),All Users,200042,1:N authentication succeeded (Face)
2024-11-04 07:42:44,542198617,FaceStation 2 542198617 (192.168.8.205),All Users,200042,1:N authentication succeeded (Face)
2024-11-04 07:32:10,542198617,FaceStation 2 542198617 (192.168.8.205),All Users,200062,1:N authentication succeeded (Face)
2024-11-04 07:32:08,542198617,FaceStation 2 542198617 (192.168.8.205),All Users,200062,1:N authentication succeeded (Face)
2024-11-04 07:17:33,542198617,FaceStation 2 542198617 (192.168.8.205),All Users,200368,1:N authentication succeeded (Face)
2024-11-04 07:17:31,542198617,FaceStation 2 542198617 (192.168.8.205),All Users,200368,1:N authentication succeeded (Face)
2024-11-04 07:16:24,542198617,FaceStation 2 542198617 (192.168.8.205),All Users,200392,1:N authentication succeeded (Face)
2024-11-04 07:16:22,542198617,FaceStation 2 542198617 (192.168.8.205),All Users,200392,1:N authentication succeeded (Face)
2024-11-04 07:03:05,542198617,FaceStation 2 542198617 (192.168.8.205),All Users,200003,1:N authentication succeeded (Face)
2024-11-04 07:03:03,542198617,FaceStation 2 542198617 (192.168.8.205),All Users,200003,1:N authentication succeeded (Face)
2024-11-04 07:00:38,542198617,FaceStation 2 542198617 (192.168.8.205),All Users,200389,1:N authentication succeeded (Face)
2024-11-04 07:00:35,542198617,FaceStation 2 542198617 (192.168.8.205),All Users,200389,1:N authentication succeeded (Face)
2024-11-04 07:00:33,542198617,FaceStation 2 542198617 (192.168.8.205),All Users,200389,1:N authentication succeeded (Face)
2024-11-04 07:00:30,542198617,FaceStation 2 542198617 (192.168.8.205),All Users,200389,1:N authentication succeeded (Face)
2024-11-04 05:02:14,542198617,FaceStation 2 542198617 (192.168.8.205),,,Network connected
2024-11-04 05:02:14,542198617,FaceStation 2 542198617 (192.168.8.205),,,DHCP connected
2024-11-04 04:59:12,542198617,FaceStation 2 542198617 (192.168.8.205),,,Network disconnected
