Date,Device ID,Device,User Group,User,Event
2024-10-03 13:31:19,542198617,FaceStation 2 542198617 (192.168.8.205),All Users,200434,1:N authentication succeeded (Face)
2024-10-03 13:23:00,542198617,FaceStation 2 542198617 (192.168.8.205),All Users,200066,1:N authentication succeeded (Face)
2024-10-03 13:22:56,542198617,FaceStation 2 542198617 (192.168.8.205),All Users,200385,1:N authentication succeeded (Face)
2024-10-03 13:18:13,542198617,FaceStation 2 542198617 (192.168.8.205),All Users,200425,1:N authentication succeeded (Face)
2024-10-03 13:17:32,542198617,FaceStation 2 542198617 (192.168.8.205),All Users,200392,1:N authentication succeeded (Face)
2024-10-03 13:16:59,542198617,FaceStation 2 542198617 (192.168.8.205),All Users,200329,1:N authentication succeeded (Face)
2024-10-03 13:16:56,542198617,FaceStation 2 542198617 (192.168.8.205),All Users,200395,1:N authentication succeeded (Face)
2024-10-03 13:16:54,542198617,FaceStation 2 542198617 (192.168.8.205),All Users,200395,1:N authentication succeeded (Face)
2024-10-03 13:16:41,542198617,FaceStation 2 542198617 (192.168.8.205),All Users,200186,1:N authentication succeeded (Face)
2024-10-03 13:16:36,542198617,FaceStation 2 542198617 (192.168.8.205),All Users,200427,1:N authentication succeeded (Face)
2024-10-03 13:16:34,542198617,FaceStation 2 542198617 (192.168.8.205),All Users,200427,1:N authentication succeeded (Face)
2024-10-03 13:16:31,542198617,FaceStation 2 542198617 (192.168.8.205),All Users,200427,1:N authentication succeeded (Face)
2024-10-03 13:16:13,542198617,FaceStation 2 542198617 (192.168.8.205),All Users,200174,1:N authentication succeeded (Face)
2024-10-03 13:16:08,542198617,FaceStation 2 542198617 (192.168.8.205),All Users,200174,1:N authentication succeeded (Face)
2024-10-03 13:16:01,542198617,FaceStation 2 542198617 (192.168.8.205),All Users,200415,1:N authentication succeeded (Face)
2024-10-03 13:15:56,542198617,FaceStation 2 542198617 (192.168.8.205),All Users,200416,1:N authentication succeeded (Face)
2024-10-03 13:15:53,542198617,FaceStation 2 542198617 (192.168.8.205),All Users,200367,1:N authentication succeeded (Face)
2024-10-03 13:15:49,542198617,FaceStation 2 542198617 (192.168.8.205),All Users,200422,1:N authentication succeeded (Face)
2024-10-03 13:15:46,542198617,FaceStation 2 542198617 (192.168.8.205),All Users,200408,1:N authentication succeeded (Face)
2024-10-03 13:15:42,542198617,FaceStation 2 542198617 (192.168.8.205),All Users,200031,1:N authentication succeeded (Face)
2024-10-03 13:15:39,542198617,FaceStation 2 542198617 (192.168.8.205),All Users,200074,1:N authentication succeeded (Face)
2024-10-03 13:15:36,542198617,FaceStation 2 542198617 (192.168.8.205),All Users,200011,1:N authentication succeeded (Face)
2024-10-03 13:15:33,542198617,FaceStation 2 542198617 (192.168.8.205),All Users,200042,1:N authentication succeeded (Face)
2024-10-03 13:15:30,542198617,FaceStation 2 542198617 (192.168.8.205),All Users,200042,1:N authentication succeeded (Face)
2024-10-03 13:15:19,542198617,FaceStation 2 542198617 (192.168.8.205),All Users,200342,1:N authentication succeeded (Face)
2024-10-03 13:15:06,542198617,FaceStation 2 542198617 (192.168.8.205),All Users,200386,1:N authentication succeeded (Face)
2024-10-03 13:15:03,542198617,FaceStation 2 542198617 (192.168.8.205),All Users,200352,1:N authentication succeeded (Face)
2024-10-03 13:15:00,542198617,FaceStation 2 542198617 (192.168.8.205),All Users,200352,1:N authentication succeeded (Face)
2024-10-03 13:14:57,542198617,FaceStation 2 542198617 (192.168.8.205),All Users,200245,1:N authentication succeeded (Face)
2024-10-03 13:14:52,542198617,FaceStation 2 542198617 (192.168.8.205),All Users,200091,1:N authentication succeeded (Face)
2024-10-03 13:14:49,542198617,FaceStation 2 542198617 (192.168.8.205),All Users,200222,1:N authentication succeeded (Face)
2024-10-03 13:14:46,542198617,FaceStation 2 542198617 (192.168.8.205),All Users,200222,1:N authentication succeeded (Face)
2024-10-03 13:14:41,542198617,FaceStation 2 542198617 (192.168.8.205),All Users,200337,1:N authentication succeeded (Face)
2024-10-03 13:14:34,542198617,FaceStation 2 542198617 (192.168.8.205),All Users,200368,1:N authentication succeeded (Face)
2024-10-03 13:14:30,542198617,FaceStation 2 542198617 (192.168.8.205),All Users,200440,1:N authentication succeeded (Face)
2024-10-03 13:14:27,542198617,FaceStation 2 542198617 (192.168.8.205),All Users,200418,1:N authentication succeeded (Face)
2024-10-03 13:14:25,542198617,FaceStation 2 542198617 (192.168.8.205),All Users,200072,1:N authentication succeeded (Face)
2024-10-03 13:14:20,542198617,FaceStation 2 542198617 (192.168.8.205),All Users,200348,1:N authentication succeeded (Face)
2024-10-03 13:14:17,542198617,FaceStation 2 542198617 (192.168.8.205),All Users,200348,1:N authentication succeeded (Face)
2024-10-03 13:14:10,542198617,FaceStation 2 542198617 (192.168.8.205),All Users,200153,1:N authentication succeeded (Face)
2024-10-03 13:13:48,542198617,FaceStation 2 542198617 (192.168.8.205),All Users,200110,1:N authentication succeeded (Face)
2024-10-03 13:13:45,542198617,FaceStation 2 542198617 (192.168.8.205),All Users,200110,1:N authentication succeeded (Face)
2024-10-03 13:13:36,542198617,FaceStation 2 542198617 (192.168.8.205),All Users,200391,1:N authentication succeeded (Face)
2024-10-03 13:13:33,542198617,FaceStation 2 542198617 (192.168.8.205),All Users,200391,1:N authentication succeeded (Face)
2024-10-03 13:13:30,542198617,FaceStation 2 542198617 (192.168.8.205),All Users,200401,1:N authentication succeeded (Face)
2024-10-03 13:13:26,542198617,FaceStation 2 542198617 (192.168.8.205),All Users,200402,1:N authentication succeeded (Face)
2024-10-03 13:13:11,542198617,FaceStation 2 542198617 (192.168.8.205),All Users,200217,1:N authentication succeeded (Face)
2024-10-03 13:13:08,542198617,FaceStation 2 542198617 (192.168.8.205),All Users,200217,1:N authentication succeeded (Face)
2024-10-03 13:13:04,542198617,FaceStation 2 542198617 (192.168.8.205),All Users,200028,1:N authentication succeeded (Face)
2024-10-03 13:13:01,542198617,FaceStation 2 542198617 (192.168.8.205),All Users,200028,1:N authentication succeeded (Face)
2024-10-03 13:12:15,542198617,FaceStation 2 542198617 (192.168.8.205),All Users,200346,1:N authentication succeeded (Face)
2024-10-03 13:12:12,542198617,FaceStation 2 542198617 (192.168.8.205),All Users,200346,1:N authentication succeeded (Face)
2024-10-03 13:10:01,542198617,FaceStation 2 542198617 (192.168.8.205),All Users,200413,1:N authentication succeeded (Face)
2024-10-03 13:09:59,542198617,FaceStation 2 542198617 (192.168.8.205),All Users,200413,1:N authentication succeeded (Face)
2024-10-03 13:08:55,542198617,FaceStation 2 542198617 (192.168.8.205),All Users,200437,1:N authentication succeeded (Face)
2024-10-03 13:08:46,542198617,FaceStation 2 542198617 (192.168.8.205),All Users,200062,1:N authentication succeeded (Face)
2024-10-03 13:08:43,542198617,FaceStation 2 542198617 (192.168.8.205),All Users,200062,1:N authentication succeeded (Face)
2024-10-03 13:08:28,542198617,FaceStation 2 542198617 (192.168.8.205),All Users,200357,1:N authentication succeeded (Face)
2024-10-03 13:08:25,542198617,FaceStation 2 542198617 (192.168.8.205),All Users,200357,1:N authentication succeeded (Face)
2024-10-03 13:07:39,542198617,FaceStation 2 542198617 (192.168.8.205),All Users,200372,1:N authentication succeeded (Face)
2024-10-03 13:07:35,542198617,FaceStation 2 542198617 (192.168.8.205),All Users,200376,1:N authentication succeeded (Face)
2024-10-03 13:06:29,542198617,FaceStation 2 542198617 (192.168.8.205),All Users,200330,1:N authentication succeeded (Face)
2024-10-03 13:06:25,542198617,FaceStation 2 542198617 (192.168.8.205),All Users,200359,1:N authentication succeeded (Face)
2024-10-03 13:06:23,542198617,FaceStation 2 542198617 (192.168.8.205),All Users,200359,1:N authentication succeeded (Face)
2024-10-03 13:06:10,542198617,FaceStation 2 542198617 (192.168.8.205),All Users,200064,1:N authentication succeeded (Face)
2024-10-03 13:06:00,542198617,FaceStation 2 542198617 (192.168.8.205),All Users,200166,1:N authentication succeeded (Face)
2024-10-03 13:05:57,542198617,FaceStation 2 542198617 (192.168.8.205),All Users,200439,1:N authentication succeeded (Face)
2024-10-03 13:05:36,542198617,FaceStation 2 542198617 (192.168.8.205),All Users,200015,1:N authentication succeeded (Face)
2024-10-03 13:05:33,542198617,FaceStation 2 542198617 (192.168.8.205),All Users,200015,1:N authentication succeeded (Face)
2024-10-03 13:05:30,542198617,FaceStation 2 542198617 (192.168.8.205),All Users,200015,1:N authentication succeeded (Face)
2024-10-03 13:03:23,542198617,FaceStation 2 542198617 (192.168.8.205),All Users,200414,1:N authentication succeeded (Face)
2024-10-03 12:59:20,542198617,FaceStation 2 542198617 (192.168.8.205),All Users,200023,1:N authentication succeeded (Face)
2024-10-03 12:59:18,542198617,FaceStation 2 542198617 (192.168.8.205),All Users,200023,1:N authentication succeeded (Face)
2024-10-03 12:55:22,542198617,FaceStation 2 542198617 (192.168.8.205),All Users,200001,1:N authentication succeeded (Face)
2024-10-03 12:51:32,542198617,FaceStation 2 542198617 (192.168.8.205),All Users,200294,1:N authentication succeeded (Face)
2024-10-03 12:51:30,542198617,FaceStation 2 542198617 (192.168.8.205),All Users,200294,1:N authentication succeeded (Face)
2024-10-03 12:48:43,542198617,FaceStation 2 542198617 (192.168.8.205),All Users,200389,1:N authentication succeeded (Face)
2024-10-03 12:48:41,542198617,FaceStation 2 542198617 (192.168.8.205),All Users,200389,1:N authentication succeeded (Face)
2024-10-03 12:35:21,542198617,FaceStation 2 542198617 (192.168.8.205),All Users,200329,1:N authentication succeeded (Face)
2024-10-03 12:35:18,542198617,FaceStation 2 542198617 (192.168.8.205),All Users,200395,1:N authentication succeeded (Face)
2024-10-03 12:35:16,542198617,FaceStation 2 542198617 (192.168.8.205),All Users,200395,1:N authentication succeeded (Face)
2024-10-03 12:34:44,542198617,FaceStation 2 542198617 (192.168.8.205),All Users,200392,1:N authentication succeeded (Face)
2024-10-03 12:34:29,542198617,FaceStation 2 542198617 (192.168.8.205),All Users,200064,1:N authentication succeeded (Face)
2024-10-03 12:33:54,542198617,FaceStation 2 542198617 (192.168.8.205),All Users,993001024,1:N authentication succeeded (Face)
2024-10-03 12:33:49,542198617,FaceStation 2 542198617 (192.168.8.205),All Users,200337,1:N authentication succeeded (Face)
2024-10-03 12:33:21,542198617,FaceStation 2 542198617 (192.168.8.205),All Users,200357,1:N authentication succeeded (Face)
2024-10-03 12:33:18,542198617,FaceStation 2 542198617 (192.168.8.205),All Users,200357,1:N authentication succeeded (Face)
2024-10-03 12:33:14,542198617,FaceStation 2 542198617 (192.168.8.205),All Users,200294,1:N authentication succeeded (Face)
2024-10-03 12:33:11,542198617,FaceStation 2 542198617 (192.168.8.205),All Users,200294,1:N authentication succeeded (Face)
2024-10-03 12:32:50,542198617,FaceStation 2 542198617 (192.168.8.205),All Users,200413,1:N authentication succeeded (Face)
2024-10-03 12:32:48,542198617,FaceStation 2 542198617 (192.168.8.205),All Users,200413,1:N authentication succeeded (Face)
2024-10-03 12:32:43,542198617,FaceStation 2 542198617 (192.168.8.205),All Users,200166,1:N authentication succeeded (Face)
2024-10-03 12:32:39,542198617,FaceStation 2 542198617 (192.168.8.205),All Users,200011,1:N authentication succeeded (Face)
2024-10-03 12:32:36,542198617,FaceStation 2 542198617 (192.168.8.205),All Users,200367,1:N authentication succeeded (Face)
2024-10-03 12:32:29,542198617,FaceStation 2 542198617 (192.168.8.205),All Users,200091,1:N authentication succeeded (Face)
2024-10-03 12:32:25,542198617,FaceStation 2 542198617 (192.168.8.205),All Users,200174,1:N authentication succeeded (Face)
2024-10-03 12:32:22,542198617,FaceStation 2 542198617 (192.168.8.205),All Users,200174,1:N authentication succeeded (Face)
2024-10-03 12:32:19,542198617,FaceStation 2 542198617 (192.168.8.205),All Users,200330,1:N authentication succeeded (Face)
2024-10-03 12:32:01,542198617,FaceStation 2 542198617 (192.168.8.205),All Users,200028,1:N authentication succeeded (Face)
2024-10-03 12:31:59,542198617,FaceStation 2 542198617 (192.168.8.205),All Users,200028,1:N authentication succeeded (Face)
2024-10-03 12:31:52,542198617,FaceStation 2 542198617 (192.168.8.205),All Users,200074,1:N authentication succeeded (Face)
2024-10-03 12:31:49,542198617,FaceStation 2 542198617 (192.168.8.205),All Users,200042,1:N authentication succeeded (Face)
2024-10-03 12:31:47,542198617,FaceStation 2 542198617 (192.168.8.205),All Users,200042,1:N authentication succeeded (Face)
2024-10-03 12:31:42,542198617,FaceStation 2 542198617 (192.168.8.205),All Users,200437,1:N authentication succeeded (Face)
2024-10-03 12:31:35,542198617,FaceStation 2 542198617 (192.168.8.205),All Users,200062,1:N authentication succeeded (Face)
2024-10-03 12:31:33,542198617,FaceStation 2 542198617 (192.168.8.205),All Users,200062,1:N authentication succeeded (Face)
2024-10-03 12:31:26,542198617,FaceStation 2 542198617 (192.168.8.205),All Users,200346,1:N authentication succeeded (Face)
2024-10-03 12:31:22,542198617,FaceStation 2 542198617 (192.168.8.205),All Users,200359,1:N authentication succeeded (Face)
2024-10-03 12:31:18,542198617,FaceStation 2 542198617 (192.168.8.205),All Users,200422,1:N authentication succeeded (Face)
2024-10-03 12:31:15,542198617,FaceStation 2 542198617 (192.168.8.205),All Users,200153,1:N authentication succeeded (Face)
2024-10-03 12:31:12,542198617,FaceStation 2 542198617 (192.168.8.205),All Users,200416,1:N authentication succeeded (Face)
2024-10-03 12:31:10,542198617,FaceStation 2 542198617 (192.168.8.205),All Users,200415,1:N authentication succeeded (Face)
2024-10-03 12:31:07,542198617,FaceStation 2 542198617 (192.168.8.205),All Users,200015,1:N authentication succeeded (Face)
2024-10-03 12:31:05,542198617,FaceStation 2 542198617 (192.168.8.205),All Users,200015,1:N authentication succeeded (Face)
2024-10-03 12:31:02,542198617,FaceStation 2 542198617 (192.168.8.205),All Users,200015,1:N authentication succeeded (Face)
2024-10-03 12:30:58,542198617,FaceStation 2 542198617 (192.168.8.205),All Users,200427,1:N authentication succeeded (Face)
2024-10-03 12:30:53,542198617,FaceStation 2 542198617 (192.168.8.205),All Users,200242,1:N authentication succeeded (Face)
2024-10-03 12:30:50,542198617,FaceStation 2 542198617 (192.168.8.205),All Users,200186,1:N authentication succeeded (Face)
2024-10-03 12:30:43,542198617,FaceStation 2 542198617 (192.168.8.205),All Users,200439,1:N authentication succeeded (Face)
2024-10-03 12:30:40,542198617,FaceStation 2 542198617 (192.168.8.205),All Users,200391,1:N authentication succeeded (Face)
2024-10-03 12:30:37,542198617,FaceStation 2 542198617 (192.168.8.205),All Users,200217,1:N authentication succeeded (Face)
2024-10-03 12:30:35,542198617,FaceStation 2 542198617 (192.168.8.205),All Users,200217,1:N authentication succeeded (Face)
2024-10-03 12:30:30,542198617,FaceStation 2 542198617 (192.168.8.205),All Users,200023,1:N authentication succeeded (Face)
2024-10-03 12:30:28,542198617,FaceStation 2 542198617 (192.168.8.205),All Users,200023,1:N authentication succeeded (Face)
2024-10-03 12:30:24,542198617,FaceStation 2 542198617 (192.168.8.205),All Users,200001,1:N authentication succeeded (Face)
2024-10-03 12:30:22,542198617,FaceStation 2 542198617 (192.168.8.205),All Users,200001,1:N authentication succeeded (Face)
2024-10-03 12:30:17,542198617,FaceStation 2 542198617 (192.168.8.205),All Users,200066,1:N authentication succeeded (Face)
2024-10-03 12:30:14,542198617,FaceStation 2 542198617 (192.168.8.205),All Users,200066,1:N authentication succeeded (Face)
2024-10-03 12:30:07,542198617,FaceStation 2 542198617 (192.168.8.205),All Users,200434,1:N authentication succeeded (Face)
2024-10-03 12:30:03,542198617,FaceStation 2 542198617 (192.168.8.205),All Users,200386,1:N authentication succeeded (Face)
2024-10-03 12:29:57,542198617,FaceStation 2 542198617 (192.168.8.205),All Users,200110,1:N authentication succeeded (Face)
2024-10-03 12:29:49,542198617,FaceStation 2 542198617 (192.168.8.205),All Users,200414,1:N authentication succeeded (Face)
2024-10-03 12:29:46,542198617,FaceStation 2 542198617 (192.168.8.205),All Users,200408,1:N authentication succeeded (Face)
2024-10-03 12:29:42,542198617,FaceStation 2 542198617 (192.168.8.205),All Users,200348,1:N authentication succeeded (Face)
2024-10-03 12:29:39,542198617,FaceStation 2 542198617 (192.168.8.205),All Users,200348,1:N authentication succeeded (Face)
2024-10-03 12:29:36,542198617,FaceStation 2 542198617 (192.168.8.205),All Users,200352,1:N authentication succeeded (Face)
2024-10-03 12:29:33,542198617,FaceStation 2 542198617 (192.168.8.205),All Users,200222,1:N authentication succeeded (Face)
2024-10-03 12:29:30,542198617,FaceStation 2 542198617 (192.168.8.205),All Users,200072,1:N authentication succeeded (Face)
2024-10-03 12:29:26,542198617,FaceStation 2 542198617 (192.168.8.205),All Users,200440,1:N authentication succeeded (Face)
2024-10-03 12:29:24,542198617,FaceStation 2 542198617 (192.168.8.205),All Users,200418,1:N authentication succeeded (Face)
2024-10-03 12:29:21,542198617,FaceStation 2 542198617 (192.168.8.205),All Users,200031,1:N authentication succeeded (Face)
2024-10-03 12:29:18,542198617,FaceStation 2 542198617 (192.168.8.205),All Users,200368,1:N authentication succeeded (Face)
2024-10-03 12:29:15,542198617,FaceStation 2 542198617 (192.168.8.205),All Users,200372,1:N authentication succeeded (Face)
2024-10-03 12:29:12,542198617,FaceStation 2 542198617 (192.168.8.205),All Users,200385,1:N authentication succeeded (Face)
2024-10-03 12:29:09,542198617,FaceStation 2 542198617 (192.168.8.205),All Users,200401,1:N authentication succeeded (Face)
2024-10-03 12:29:06,542198617,FaceStation 2 542198617 (192.168.8.205),All Users,200402,1:N authentication succeeded (Face)
2024-10-03 12:29:03,542198617,FaceStation 2 542198617 (192.168.8.205),All Users,200342,1:N authentication succeeded (Face)
2024-10-03 12:29:00,542198617,FaceStation 2 542198617 (192.168.8.205),All Users,200376,1:N authentication succeeded (Face)
2024-10-03 12:28:51,542198617,FaceStation 2 542198617 (192.168.8.205),All Users,200245,1:N authentication succeeded (Face)
2024-10-03 12:28:48,542198617,FaceStation 2 542198617 (192.168.8.205),All Users,200245,1:N authentication succeeded (Face)
2024-10-03 10:13:04,542198617,FaceStation 2 542198617 (192.168.8.205),All Users,200425,1:N authentication succeeded (Face)
2024-10-03 09:12:40,542198617,FaceStation 2 542198617 (192.168.8.205),All Users,200042,1:N authentication succeeded (Face)
2024-10-03 09:12:37,542198617,FaceStation 2 542198617 (192.168.8.205),All Users,200042,1:N authentication succeeded (Face)
2024-10-03 08:50:27,542198617,FaceStation 2 542198617 (192.168.8.205),All Users,200186,1:N authentication succeeded (Face)
2024-10-03 08:16:46,542198617,FaceStation 2 542198617 (192.168.8.205),All Users,200385,1:N authentication succeeded (Face)
2024-10-03 08:16:42,542198617,FaceStation 2 542198617 (192.168.8.205),All Users,200064,1:N authentication succeeded (Face)
2024-10-03 08:16:40,542198617,FaceStation 2 542198617 (192.168.8.205),All Users,200386,1:N authentication succeeded (Face)
2024-10-03 08:10:00,542198617,FaceStation 2 542198617 (192.168.8.205),All Users,200359,1:N authentication succeeded (Face)
2024-10-03 08:09:56,542198617,FaceStation 2 542198617 (192.168.8.205),All Users,200359,1:N authentication succeeded (Face)
2024-10-03 08:05:41,542198617,FaceStation 2 542198617 (192.168.8.205),All Users,200066,1:N authentication succeeded (Face)
2024-10-03 08:05:30,542198617,FaceStation 2 542198617 (192.168.8.205),All Users,200074,1:N authentication succeeded (Face)
2024-10-03 08:05:24,542198617,FaceStation 2 542198617 (192.168.8.205),All Users,200217,1:N authentication succeeded (Face)
2024-10-03 08:05:22,542198617,FaceStation 2 542198617 (192.168.8.205),All Users,200217,1:N authentication succeeded (Face)
2024-10-03 08:04:48,542198617,FaceStation 2 542198617 (192.168.8.205),All Users,200413,1:N authentication succeeded (Face)
2024-10-03 08:04:45,542198617,FaceStation 2 542198617 (192.168.8.205),All Users,200166,1:N authentication succeeded (Face)
2024-10-03 08:04:19,542198617,FaceStation 2 542198617 (192.168.8.205),All Users,200352,1:N authentication succeeded (Face)
2024-10-03 08:04:16,542198617,FaceStation 2 542198617 (192.168.8.205),All Users,200352,1:N authentication succeeded (Face)
2024-10-03 08:04:12,542198617,FaceStation 2 542198617 (192.168.8.205),All Users,200222,1:N authentication succeeded (Face)
2024-10-03 08:04:09,542198617,FaceStation 2 542198617 (192.168.8.205),All Users,200222,1:N authentication succeeded (Face)
2024-10-03 08:02:45,542198617,FaceStation 2 542198617 (192.168.8.205),All Users,200414,1:N authentication succeeded (Face)
2024-10-03 08:02:14,542198617,FaceStation 2 542198617 (192.168.8.205),All Users,200031,1:N authentication succeeded (Face)
2024-10-03 08:01:11,542198617,FaceStation 2 542198617 (192.168.8.205),All Users,200001,1:N authentication succeeded (Face)
2024-10-03 08:01:08,542198617,FaceStation 2 542198617 (192.168.8.205),All Users,200001,1:N authentication succeeded (Face)
2024-10-03 07:59:54,542198617,FaceStation 2 542198617 (192.168.8.205),All Users,200437,1:N authentication succeeded (Face)
2024-10-03 07:59:15,542198617,FaceStation 2 542198617 (192.168.8.205),All Users,200342,1:N authentication succeeded (Face)
2024-10-03 07:59:13,542198617,FaceStation 2 542198617 (192.168.8.205),All Users,200342,1:N authentication succeeded (Face)
2024-10-03 07:59:09,542198617,FaceStation 2 542198617 (192.168.8.205),All Users,200015,1:N authentication succeeded (Face)
2024-10-03 07:59:06,542198617,FaceStation 2 542198617 (192.168.8.205),All Users,200015,1:N authentication succeeded (Face)
2024-10-03 07:59:03,542198617,FaceStation 2 542198617 (192.168.8.205),All Users,200015,1:N authentication succeeded (Face)
2024-10-03 07:58:54,542198617,FaceStation 2 542198617 (192.168.8.205),All Users,200329,1:N authentication succeeded (Face)
2024-10-03 07:58:51,542198617,FaceStation 2 542198617 (192.168.8.205),All Users,200395,1:N authentication succeeded (Face)
2024-10-03 07:58:49,542198617,FaceStation 2 542198617 (192.168.8.205),All Users,200395,1:N authentication succeeded (Face)
2024-10-03 07:58:42,542198617,FaceStation 2 542198617 (192.168.8.205),All Users,200153,1:N authentication succeeded (Face)
2024-10-03 07:58:21,542198617,FaceStation 2 542198617 (192.168.8.205),All Users,200434,1:N authentication succeeded (Face)
2024-10-03 07:58:17,542198617,FaceStation 2 542198617 (192.168.8.205),All Users,200072,1:N authentication succeeded (Face)
2024-10-03 07:58:14,542198617,FaceStation 2 542198617 (192.168.8.205),All Users,200427,1:N authentication succeeded (Face)
2024-10-03 07:58:00,542198617,FaceStation 2 542198617 (192.168.8.205),All Users,200110,1:N authentication succeeded (Face)
2024-10-03 07:57:57,542198617,FaceStation 2 542198617 (192.168.8.205),All Users,200110,1:N authentication succeeded (Face)
2024-10-03 07:57:47,542198617,FaceStation 2 542198617 (192.168.8.205),All Users,200091,1:N authentication succeeded (Face)
2024-10-03 07:57:45,542198617,FaceStation 2 542198617 (192.168.8.205),All Users,200091,1:N authentication succeeded (Face)
2024-10-03 07:57:15,542198617,FaceStation 2 542198617 (192.168.8.205),All Users,200418,1:N authentication succeeded (Face)
2024-10-03 07:56:47,542198617,FaceStation 2 542198617 (192.168.8.205),All Users,200422,1:N authentication succeeded (Face)
2024-10-03 07:56:43,542198617,FaceStation 2 542198617 (192.168.8.205),All Users,200440,1:N authentication succeeded (Face)
2024-10-03 07:56:40,542198617,FaceStation 2 542198617 (192.168.8.205),All Users,200440,1:N authentication succeeded (Face)
2024-10-03 07:56:37,542198617,FaceStation 2 542198617 (192.168.8.205),All Users,200415,1:N authentication succeeded (Face)
2024-10-03 07:56:34,542198617,FaceStation 2 542198617 (192.168.8.205),All Users,200415,1:N authentication succeeded (Face)
2024-10-03 07:56:32,542198617,FaceStation 2 542198617 (192.168.8.205),All Users,200416,1:N authentication succeeded (Face)
2024-10-03 07:56:29,542198617,FaceStation 2 542198617 (192.168.8.205),All Users,200416,1:N authentication succeeded (Face)
2024-10-03 07:56:27,542198617,FaceStation 2 542198617 (192.168.8.205),All Users,200023,1:N authentication succeeded (Face)
2024-10-03 07:56:24,542198617,FaceStation 2 542198617 (192.168.8.205),All Users,200023,1:N authentication succeeded (Face)
2024-10-03 07:56:20,542198617,FaceStation 2 542198617 (192.168.8.205),All Users,200028,1:N authentication succeeded (Face)
2024-10-03 07:56:17,542198617,FaceStation 2 542198617 (192.168.8.205),All Users,200028,1:N authentication succeeded (Face)
2024-10-03 07:55:29,542198617,FaceStation 2 542198617 (192.168.8.205),All Users,200348,1:N authentication succeeded (Face)
2024-10-03 07:55:26,542198617,FaceStation 2 542198617 (192.168.8.205),All Users,200348,1:N authentication succeeded (Face)
2024-10-03 07:53:53,542198617,FaceStation 2 542198617 (192.168.8.205),All Users,200372,1:N authentication succeeded (Face)
2024-10-03 07:53:51,542198617,FaceStation 2 542198617 (192.168.8.205),All Users,200372,1:N authentication succeeded (Face)
2024-10-03 07:53:47,542198617,FaceStation 2 542198617 (192.168.8.205),All Users,200439,1:N authentication succeeded (Face)
2024-10-03 07:53:45,542198617,FaceStation 2 542198617 (192.168.8.205),All Users,200439,1:N authentication succeeded (Face)
2024-10-03 07:53:31,542198617,FaceStation 2 542198617 (192.168.8.205),All Users,200367,1:N authentication succeeded (Face)
2024-10-03 07:53:28,542198617,FaceStation 2 542198617 (192.168.8.205),All Users,200367,1:N authentication succeeded (Face)
2024-10-03 07:53:24,542198617,FaceStation 2 542198617 (192.168.8.205),All Users,200357,1:N authentication succeeded (Face)
2024-10-03 07:53:21,542198617,FaceStation 2 542198617 (192.168.8.205),All Users,200357,1:N authentication succeeded (Face)
2024-10-03 07:53:18,542198617,FaceStation 2 542198617 (192.168.8.205),All Users,200245,1:N authentication succeeded (Face)
2024-10-03 07:53:16,542198617,FaceStation 2 542198617 (192.168.8.205),All Users,200242,1:N authentication succeeded (Face)
2024-10-03 07:53:13,542198617,FaceStation 2 542198617 (192.168.8.205),All Users,200408,1:N authentication succeeded (Face)
2024-10-03 07:53:08,542198617,FaceStation 2 542198617 (192.168.8.205),All Users,200011,1:N authentication succeeded (Face)
2024-10-03 07:53:05,542198617,FaceStation 2 542198617 (192.168.8.205),All Users,200011,1:N authentication succeeded (Face)
2024-10-03 07:52:11,542198617,FaceStation 2 542198617 (192.168.8.205),All Users,200330,1:N authentication succeeded (Face)
2024-10-03 07:50:39,542198617,FaceStation 2 542198617 (192.168.8.205),All Users,200376,1:N authentication succeeded (Face)
2024-10-03 07:49:54,542198617,FaceStation 2 542198617 (192.168.8.205),All Users,200294,1:N authentication succeeded (Face)
2024-10-03 07:49:51,542198617,FaceStation 2 542198617 (192.168.8.205),All Users,200294,1:N authentication succeeded (Face)
2024-10-03 07:48:22,542198617,FaceStation 2 542198617 (192.168.8.205),,,Device time changed
2024-10-03 07:48:16,542198617,FaceStation 2 542198617 (192.168.8.205),,,Device time changed
2024-10-03 07:48:01,542198617,FaceStation 2 542198617 (192.168.8.205),All Users,200391,1:N authentication succeeded (Face)
2024-10-03 07:47:58,542198617,FaceStation 2 542198617 (192.168.8.205),All Users,200391,1:N authentication succeeded (Face)
2024-10-03 07:47:54,542198617,FaceStation 2 542198617 (192.168.8.205),All Users,200174,1:N authentication succeeded (Face)
2024-10-03 07:47:51,542198617,FaceStation 2 542198617 (192.168.8.205),All Users,200174,1:N authentication succeeded (Face)
2024-10-03 07:47:45,542198617,FaceStation 2 542198617 (192.168.8.205),,,BioStar connected
2024-10-03 07:45:56,542198617,FaceStation 2 542198617 (192.168.8.205),All Users,993001024,1:N authentication succeeded (Face)
2024-10-03 07:39:34,542198617,FaceStation 2 542198617 (192.168.8.205),All Users,200346,1:N authentication succeeded (Face)
2024-10-03 07:39:32,542198617,FaceStation 2 542198617 (192.168.8.205),All Users,200346,1:N authentication succeeded (Face)
2024-10-03 07:39:07,542198617,FaceStation 2 542198617 (192.168.8.205),All Users,200402,1:N authentication succeeded (Face)
2024-10-03 07:39:04,542198617,FaceStation 2 542198617 (192.168.8.205),All Users,200401,1:N authentication succeeded (Face)
2024-10-03 07:24:33,542198617,FaceStation 2 542198617 (192.168.8.205),All Users,200062,1:N authentication succeeded (Face)
2024-10-03 07:24:30,542198617,FaceStation 2 542198617 (192.168.8.205),All Users,200062,1:N authentication succeeded (Face)
2024-10-03 07:22:54,542198617,FaceStation 2 542198617 (192.168.8.205),All Users,200337,1:N authentication succeeded (Face)
2024-10-03 07:22:49,542198617,FaceStation 2 542198617 (192.168.8.205),All Users,200337,1:N authentication succeeded (Face)
2024-10-03 07:21:22,542198617,FaceStation 2 542198617 (192.168.8.205),All Users,200368,1:N authentication succeeded (Face)
2024-10-03 07:21:20,542198617,FaceStation 2 542198617 (192.168.8.205),All Users,200368,1:N authentication succeeded (Face)
2024-10-03 07:19:42,542198617,FaceStation 2 542198617 (192.168.8.205),All Users,200392,1:N authentication succeeded (Face)
2024-10-03 07:19:39,542198617,FaceStation 2 542198617 (192.168.8.205),All Users,200392,1:N authentication succeeded (Face)
2024-10-03 07:19:37,542198617,FaceStation 2 542198617 (192.168.8.205),All Users,200392,1:N authentication succeeded (Face)
2024-10-03 07:06:16,542198617,FaceStation 2 542198617 (192.168.8.205),All Users,200003,1:N authentication succeeded (Face)
2024-10-03 07:06:14,542198617,FaceStation 2 542198617 (192.168.8.205),All Users,200003,1:N authentication succeeded (Face)
2024-10-03 06:59:17,542198617,FaceStation 2 542198617 (192.168.8.205),All Users,200389,1:N authentication succeeded (Face)
2024-10-03 06:59:15,542198617,FaceStation 2 542198617 (192.168.8.205),All Users,200389,1:N authentication succeeded (Face)
2024-10-03 06:59:12,542198617,FaceStation 2 542198617 (192.168.8.205),All Users,200389,1:N authentication succeeded (Face)
2024-10-02 23:27:03,542198617,FaceStation 2 542198617 (192.168.8.205),All Users,200003,1:N authentication succeeded (Face)
2024-10-02 23:27:01,542198617,FaceStation 2 542198617 (192.168.8.205),All Users,200003,1:N authentication succeeded (Face)
2024-10-02 23:06:13,542198617,FaceStation 2 542198617 (192.168.8.205),All Users,200003,1:N authentication succeeded (Face)
2024-10-02 23:06:10,542198617,FaceStation 2 542198617 (192.168.8.205),All Users,200003,1:N authentication succeeded (Face)
2024-10-02 19:32:09,542198617,FaceStation 2 542198617 (192.168.8.205),,,BioStar disconnected
2024-10-02 18:59:46,542198617,FaceStation 2 542198617 (192.168.8.205),All Users,200003,1:N authentication succeeded (Face)
2024-10-02 18:59:43,542198617,FaceStation 2 542198617 (192.168.8.205),All Users,200003,1:N authentication succeeded (Face)
2024-10-02 18:59:40,542198617,FaceStation 2 542198617 (192.168.8.205),All Users,200003,1:N authentication succeeded (Face)
2024-10-02 18:06:26,542198617,FaceStation 2 542198617 (192.168.8.205),All Users,993001024,1:N authentication succeeded (Face)
2024-10-02 18:05:04,542198617,FaceStation 2 542198617 (192.168.8.205),All Users,200359,1:N authentication succeeded (Face)
2024-10-02 18:05:01,542198617,FaceStation 2 542198617 (192.168.8.205),All Users,200359,1:N authentication succeeded (Face)
2024-10-02 18:04:59,542198617,FaceStation 2 542198617 (192.168.8.205),All Users,200359,1:N authentication succeeded (Face)
2024-10-02 18:03:56,542198617,FaceStation 2 542198617 (192.168.8.205),All Users,200166,1:N authentication succeeded (Face)
2024-10-02 17:58:51,542198617,FaceStation 2 542198617 (192.168.8.205),All Users,200066,1:N authentication succeeded (Face)
2024-10-02 17:57:41,542198617,FaceStation 2 542198617 (192.168.8.205),All Users,200391,1:N authentication succeeded (Face)
2024-10-02 17:57:37,542198617,FaceStation 2 542198617 (192.168.8.205),All Users,200391,1:N authentication succeeded (Face)
2024-10-02 17:57:34,542198617,FaceStation 2 542198617 (192.168.8.205),All Users,200174,1:N authentication succeeded (Face)
2024-10-02 17:57:31,542198617,FaceStation 2 542198617 (192.168.8.205),All Users,200174,1:N authentication succeeded (Face)
2024-10-02 17:57:06,542198617,FaceStation 2 542198617 (192.168.8.205),All Users,200294,1:N authentication succeeded (Face)
2024-10-02 17:57:03,542198617,FaceStation 2 542198617 (192.168.8.205),All Users,200294,1:N authentication succeeded (Face)
2024-10-02 17:56:17,542198617,FaceStation 2 542198617 (192.168.8.205),All Users,200439,1:N authentication succeeded (Face)
2024-10-02 17:56:14,542198617,FaceStation 2 542198617 (192.168.8.205),All Users,200439,1:N authentication succeeded (Face)
2024-10-02 17:55:29,542198617,FaceStation 2 542198617 (192.168.8.205),All Users,200434,1:N authentication succeeded (Face)
2024-10-02 17:55:14,542198617,FaceStation 2 542198617 (192.168.8.205),All Users,200415,1:N authentication succeeded (Face)
2024-10-02 17:55:11,542198617,FaceStation 2 542198617 (192.168.8.205),All Users,200415,1:N authentication succeeded (Face)
2024-10-02 17:55:09,542198617,FaceStation 2 542198617 (192.168.8.205),All Users,200416,1:N authentication succeeded (Face)
2024-10-02 17:55:06,542198617,FaceStation 2 542198617 (192.168.8.205),All Users,200416,1:N authentication succeeded (Face)
2024-10-02 17:54:48,542198617,FaceStation 2 542198617 (192.168.8.205),All Users,200064,1:N authentication succeeded (Face)
2024-10-02 17:54:44,542198617,FaceStation 2 542198617 (192.168.8.205),All Users,200401,1:N authentication succeeded (Face)
2024-10-02 17:54:41,542198617,FaceStation 2 542198617 (192.168.8.205),All Users,200402,1:N authentication succeeded (Face)
2024-10-02 17:54:38,542198617,FaceStation 2 542198617 (192.168.8.205),All Users,200015,1:N authentication succeeded (Face)
2024-10-02 17:54:35,542198617,FaceStation 2 542198617 (192.168.8.205),All Users,200015,1:N authentication succeeded (Face)
2024-10-02 17:54:32,542198617,FaceStation 2 542198617 (192.168.8.205),All Users,200015,1:N authentication succeeded (Face)
2024-10-02 17:54:28,542198617,FaceStation 2 542198617 (192.168.8.205),All Users,200437,1:N authentication succeeded (Face)
2024-10-02 17:54:18,542198617,FaceStation 2 542198617 (192.168.8.205),All Users,200072,1:N authentication succeeded (Face)
2024-10-02 17:54:15,542198617,FaceStation 2 542198617 (192.168.8.205),All Users,200418,1:N authentication succeeded (Face)
2024-10-02 17:54:04,542198617,FaceStation 2 542198617 (192.168.8.205),All Users,200153,1:N authentication succeeded (Face)
2024-10-02 17:54:01,542198617,FaceStation 2 542198617 (192.168.8.205),All Users,200217,1:N authentication succeeded (Face)
2024-10-02 17:53:59,542198617,FaceStation 2 542198617 (192.168.8.205),All Users,200217,1:N authentication succeeded (Face)
2024-10-02 17:53:56,542198617,FaceStation 2 542198617 (192.168.8.205),All Users,200028,1:N authentication succeeded (Face)
2024-10-02 17:53:53,542198617,FaceStation 2 542198617 (192.168.8.205),All Users,200028,1:N authentication succeeded (Face)
2024-10-02 17:53:51,542198617,FaceStation 2 542198617 (192.168.8.205),All Users,200028,1:N authentication succeeded (Face)
2024-10-02 17:53:48,542198617,FaceStation 2 542198617 (192.168.8.205),All Users,200329,1:N authentication succeeded (Face)
2024-10-02 17:53:45,542198617,FaceStation 2 542198617 (192.168.8.205),All Users,200395,1:N authentication succeeded (Face)
2024-10-02 17:53:43,542198617,FaceStation 2 542198617 (192.168.8.205),All Users,200395,1:N authentication succeeded (Face)
2024-10-02 17:53:31,542198617,FaceStation 2 542198617 (192.168.8.205),All Users,200427,1:N authentication succeeded (Face)
2024-10-02 17:53:27,542198617,FaceStation 2 542198617 (192.168.8.205),All Users,200242,1:N authentication succeeded (Face)
2024-10-02 17:53:23,542198617,FaceStation 2 542198617 (192.168.8.205),All Users,200440,1:N authentication succeeded (Face)
2024-10-02 17:52:58,542198617,FaceStation 2 542198617 (192.168.8.205),All Users,200413,1:N authentication succeeded (Face)
2024-10-02 17:52:52,542198617,FaceStation 2 542198617 (192.168.8.205),All Users,200346,1:N authentication succeeded (Face)
2024-10-02 17:52:49,542198617,FaceStation 2 542198617 (192.168.8.205),All Users,200346,1:N authentication succeeded (Face)
2024-10-02 17:52:45,542198617,FaceStation 2 542198617 (192.168.8.205),All Users,200337,1:N authentication succeeded (Face)
2024-10-02 17:52:40,542198617,FaceStation 2 542198617 (192.168.8.205),All Users,200074,1:N authentication succeeded (Face)
2024-10-02 17:52:37,542198617,FaceStation 2 542198617 (192.168.8.205),All Users,200042,1:N authentication succeeded (Face)
2024-10-02 17:52:35,542198617,FaceStation 2 542198617 (192.168.8.205),All Users,200042,1:N authentication succeeded (Face)
2024-10-02 17:52:32,542198617,FaceStation 2 542198617 (192.168.8.205),All Users,200392,1:N authentication succeeded (Face)
2024-10-02 17:52:30,542198617,FaceStation 2 542198617 (192.168.8.205),All Users,200357,1:N authentication succeeded (Face)
2024-10-02 17:52:27,542198617,FaceStation 2 542198617 (192.168.8.205),All Users,200357,1:N authentication succeeded (Face)
2024-10-02 17:52:24,542198617,FaceStation 2 542198617 (192.168.8.205),All Users,200342,1:N authentication succeeded (Face)
2024-10-02 17:52:21,542198617,FaceStation 2 542198617 (192.168.8.205),All Users,200001,1:N authentication succeeded (Face)
2024-10-02 17:52:18,542198617,FaceStation 2 542198617 (192.168.8.205),All Users,200001,1:N authentication succeeded (Face)
2024-10-02 17:52:15,542198617,FaceStation 2 542198617 (192.168.8.205),All Users,200023,1:N authentication succeeded (Face)
2024-10-02 17:52:11,542198617,FaceStation 2 542198617 (192.168.8.205),All Users,200023,1:N authentication succeeded (Face)
2024-10-02 17:52:08,542198617,FaceStation 2 542198617 (192.168.8.205),All Users,200031,1:N authentication succeeded (Face)
2024-10-02 17:52:05,542198617,FaceStation 2 542198617 (192.168.8.205),All Users,200091,1:N authentication succeeded (Face)
2024-10-02 17:52:02,542198617,FaceStation 2 542198617 (192.168.8.205),All Users,200091,1:N authentication succeeded (Face)
2024-10-02 17:51:59,542198617,FaceStation 2 542198617 (192.168.8.205),All Users,200186,1:N authentication succeeded (Face)
2024-10-02 17:51:55,542198617,FaceStation 2 542198617 (192.168.8.205),All Users,200110,1:N authentication succeeded (Face)
2024-10-02 17:51:51,542198617,FaceStation 2 542198617 (192.168.8.205),All Users,200011,1:N authentication succeeded (Face)
2024-10-02 17:51:49,542198617,FaceStation 2 542198617 (192.168.8.205),All Users,200011,1:N authentication succeeded (Face)
2024-10-02 17:51:46,542198617,FaceStation 2 542198617 (192.168.8.205),All Users,200352,1:N authentication succeeded (Face)
2024-10-02 17:51:44,542198617,FaceStation 2 542198617 (192.168.8.205),All Users,200352,1:N authentication succeeded (Face)
2024-10-02 17:51:40,542198617,FaceStation 2 542198617 (192.168.8.205),All Users,200222,1:N authentication succeeded (Face)
2024-10-02 17:51:38,542198617,FaceStation 2 542198617 (192.168.8.205),All Users,200222,1:N authentication succeeded (Face)
2024-10-02 17:51:33,542198617,FaceStation 2 542198617 (192.168.8.205),All Users,200414,1:N authentication succeeded (Face)
2024-10-02 17:51:30,542198617,FaceStation 2 542198617 (192.168.8.205),All Users,200425,1:N authentication succeeded (Face)
2024-10-02 17:51:28,542198617,FaceStation 2 542198617 (192.168.8.205),All Users,200386,1:N authentication succeeded (Face)
2024-10-02 17:51:25,542198617,FaceStation 2 542198617 (192.168.8.205),All Users,200348,1:N authentication succeeded (Face)
2024-10-02 17:51:21,542198617,FaceStation 2 542198617 (192.168.8.205),All Users,200348,1:N authentication succeeded (Face)
2024-10-02 17:51:14,542198617,FaceStation 2 542198617 (192.168.8.205),All Users,200062,1:N authentication succeeded (Face)
2024-10-02 17:51:12,542198617,FaceStation 2 542198617 (192.168.8.205),All Users,200062,1:N authentication succeeded (Face)
2024-10-02 17:51:06,542198617,FaceStation 2 542198617 (192.168.8.205),All Users,200385,1:N authentication succeeded (Face)
2024-10-02 17:51:03,542198617,FaceStation 2 542198617 (192.168.8.205),All Users,200422,1:N authentication succeeded (Face)
2024-10-02 17:50:59,542198617,FaceStation 2 542198617 (192.168.8.205),All Users,200330,1:N authentication succeeded (Face)
2024-10-02 17:50:56,542198617,FaceStation 2 542198617 (192.168.8.205),All Users,200372,1:N authentication succeeded (Face)
2024-10-02 17:50:46,542198617,FaceStation 2 542198617 (192.168.8.205),All Users,200376,1:N authentication succeeded (Face)
2024-10-02 17:50:42,542198617,FaceStation 2 542198617 (192.168.8.205),All Users,200245,1:N authentication succeeded (Face)
2024-10-02 17:50:40,542198617,FaceStation 2 542198617 (192.168.8.205),All Users,200245,1:N authentication succeeded (Face)
2024-10-02 17:50:37,542198617,FaceStation 2 542198617 (192.168.8.205),All Users,200367,1:N authentication succeeded (Face)
2024-10-02 17:50:34,542198617,FaceStation 2 542198617 (192.168.8.205),All Users,200367,1:N authentication succeeded (Face)
2024-10-02 17:49:22,542198617,FaceStation 2 542198617 (192.168.8.205),All Users,200368,1:N authentication succeeded (Face)
2024-10-02 15:17:23,542198617,FaceStation 2 542198617 (192.168.8.205),All Users,200091,1:N authentication succeeded (Face)
2024-10-02 15:17:21,542198617,FaceStation 2 542198617 (192.168.8.205),All Users,200091,1:N authentication succeeded (Face)
2024-10-02 13:31:06,542198617,FaceStation 2 542198617 (192.168.8.205),All Users,200434,1:N authentication succeeded (Face)
2024-10-02 13:20:15,542198617,FaceStation 2 542198617 (192.168.8.205),All Users,200003,1:N authentication succeeded (Face)
2024-10-02 13:20:12,542198617,FaceStation 2 542198617 (192.168.8.205),All Users,200003,1:N authentication succeeded (Face)
2024-10-02 13:18:47,542198617,FaceStation 2 542198617 (192.168.8.205),All Users,200031,1:N authentication succeeded (Face)
2024-10-02 13:17:56,542198617,FaceStation 2 542198617 (192.168.8.205),All Users,200066,1:N authentication succeeded (Face)
2024-10-02 13:17:51,542198617,FaceStation 2 542198617 (192.168.8.205),All Users,200385,1:N authentication succeeded (Face)
2024-10-02 13:17:35,542198617,FaceStation 2 542198617 (192.168.8.205),All Users,200425,1:N authentication succeeded (Face)
2024-10-02 13:17:21,542198617,FaceStation 2 542198617 (192.168.8.205),All Users,200242,1:N authentication succeeded (Face)
2024-10-02 13:16:42,542198617,FaceStation 2 542198617 (192.168.8.205),All Users,200110,1:N authentication succeeded (Face)
2024-10-02 13:16:39,542198617,FaceStation 2 542198617 (192.168.8.205),All Users,200110,1:N authentication succeeded (Face)
2024-10-02 13:16:29,542198617,FaceStation 2 542198617 (192.168.8.205),All Users,200392,1:N authentication succeeded (Face)
2024-10-02 13:16:23,542198617,FaceStation 2 542198617 (192.168.8.205),All Users,200439,1:N authentication succeeded (Face)
2024-10-02 13:16:20,542198617,FaceStation 2 542198617 (192.168.8.205),All Users,200415,1:N authentication succeeded (Face)
2024-10-02 13:16:17,542198617,FaceStation 2 542198617 (192.168.8.205),All Users,200416,1:N authentication succeeded (Face)
2024-10-02 13:16:12,542198617,FaceStation 2 542198617 (192.168.8.205),All Users,200427,1:N authentication succeeded (Face)
2024-10-02 13:16:08,542198617,FaceStation 2 542198617 (192.168.8.205),All Users,200186,1:N authentication succeeded (Face)
2024-10-02 13:15:47,542198617,FaceStation 2 542198617 (192.168.8.205),All Users,993001024,1:N authentication succeeded (Face)
2024-10-02 13:15:44,542198617,FaceStation 2 542198617 (192.168.8.205),All Users,200357,1:N authentication succeeded (Face)
2024-10-02 13:15:42,542198617,FaceStation 2 542198617 (192.168.8.205),All Users,200357,1:N authentication succeeded (Face)
2024-10-02 13:15:29,542198617,FaceStation 2 542198617 (192.168.8.205),All Users,200418,1:N authentication succeeded (Face)
2024-10-02 13:15:18,542198617,FaceStation 2 542198617 (192.168.8.205),All Users,200153,1:N authentication succeeded (Face)
2024-10-02 13:15:01,542198617,FaceStation 2 542198617 (192.168.8.205),All Users,200074,1:N authentication succeeded (Face)
2024-10-02 13:14:58,542198617,FaceStation 2 542198617 (192.168.8.205),All Users,200011,1:N authentication succeeded (Face)
2024-10-02 13:14:55,542198617,FaceStation 2 542198617 (192.168.8.205),All Users,200042,1:N authentication succeeded (Face)
2024-10-02 13:14:52,542198617,FaceStation 2 542198617 (192.168.8.205),All Users,200042,1:N authentication succeeded (Face)
2024-10-02 13:14:49,542198617,FaceStation 2 542198617 (192.168.8.205),All Users,200342,1:N authentication succeeded (Face)
2024-10-02 13:14:40,542198617,FaceStation 2 542198617 (192.168.8.205),All Users,200001,1:N authentication succeeded (Face)
2024-10-02 13:14:37,542198617,FaceStation 2 542198617 (192.168.8.205),All Users,200001,1:N authentication succeeded (Face)
2024-10-02 13:14:20,542198617,FaceStation 2 542198617 (192.168.8.205),All Users,200386,1:N authentication succeeded (Face)
2024-10-02 13:14:17,542198617,FaceStation 2 542198617 (192.168.8.205),All Users,200352,1:N authentication succeeded (Face)
2024-10-02 13:14:15,542198617,FaceStation 2 542198617 (192.168.8.205),All Users,200352,1:N authentication succeeded (Face)
2024-10-02 13:14:11,542198617,FaceStation 2 542198617 (192.168.8.205),All Users,200222,1:N authentication succeeded (Face)
2024-10-02 13:14:09,542198617,FaceStation 2 542198617 (192.168.8.205),All Users,200222,1:N authentication succeeded (Face)
2024-10-02 13:14:05,542198617,FaceStation 2 542198617 (192.168.8.205),All Users,200217,1:N authentication succeeded (Face)
2024-10-02 13:14:03,542198617,FaceStation 2 542198617 (192.168.8.205),All Users,200217,1:N authentication succeeded (Face)
2024-10-02 13:13:58,542198617,FaceStation 2 542198617 (192.168.8.205),All Users,200028,1:N authentication succeeded (Face)
2024-10-02 13:13:55,542198617,FaceStation 2 542198617 (192.168.8.205),All Users,200028,1:N authentication succeeded (Face)
2024-10-02 13:13:52,542198617,FaceStation 2 542198617 (192.168.8.205),All Users,200091,1:N authentication succeeded (Face)
2024-10-02 13:13:48,542198617,FaceStation 2 542198617 (192.168.8.205),All Users,200329,1:N authentication succeeded (Face)
2024-10-02 13:13:45,542198617,FaceStation 2 542198617 (192.168.8.205),All Users,200395,1:N authentication succeeded (Face)
2024-10-02 13:13:43,542198617,FaceStation 2 542198617 (192.168.8.205),All Users,200395,1:N authentication succeeded (Face)
2024-10-02 13:13:39,542198617,FaceStation 2 542198617 (192.168.8.205),All Users,200348,1:N authentication succeeded (Face)
2024-10-02 13:13:37,542198617,FaceStation 2 542198617 (192.168.8.205),All Users,200348,1:N authentication succeeded (Face)
2024-10-02 13:13:33,542198617,FaceStation 2 542198617 (192.168.8.205),All Users,200245,1:N authentication succeeded (Face)
2024-10-02 13:13:30,542198617,FaceStation 2 542198617 (192.168.8.205),All Users,200245,1:N authentication succeeded (Face)
2024-10-02 13:13:26,542198617,FaceStation 2 542198617 (192.168.8.205),All Users,200064,1:N authentication succeeded (Face)
2024-10-02 13:13:17,542198617,FaceStation 2 542198617 (192.168.8.205),All Users,200064,1:N authentication succeeded (Face)
2024-10-02 13:13:13,542198617,FaceStation 2 542198617 (192.168.8.205),All Users,200359,1:N authentication succeeded (Face)
2024-10-02 13:12:32,542198617,FaceStation 2 542198617 (192.168.8.205),All Users,200440,1:N authentication succeeded (Face)
2024-10-02 13:12:29,542198617,FaceStation 2 542198617 (192.168.8.205),All Users,200072,1:N authentication succeeded (Face)
2024-10-02 13:12:23,542198617,FaceStation 2 542198617 (192.168.8.205),All Users,200391,1:N authentication succeeded (Face)
2024-10-02 13:12:20,542198617,FaceStation 2 542198617 (192.168.8.205),All Users,200391,1:N authentication succeeded (Face)
2024-10-02 13:12:11,542198617,FaceStation 2 542198617 (192.168.8.205),All Users,200174,1:N authentication succeeded (Face)
2024-10-02 13:12:08,542198617,FaceStation 2 542198617 (192.168.8.205),All Users,200174,1:N authentication succeeded (Face)
2024-10-02 13:12:05,542198617,FaceStation 2 542198617 (192.168.8.205),All Users,200015,1:N authentication succeeded (Face)
2024-10-02 13:12:02,542198617,FaceStation 2 542198617 (192.168.8.205),All Users,200015,1:N authentication succeeded (Face)
2024-10-02 13:12:00,542198617,FaceStation 2 542198617 (192.168.8.205),All Users,200015,1:N authentication succeeded (Face)
2024-10-02 13:11:57,542198617,FaceStation 2 542198617 (192.168.8.205),All Users,200015,1:N authentication succeeded (Face)
2024-10-02 13:11:55,542198617,FaceStation 2 542198617 (192.168.8.205),All Users,200015,1:N authentication succeeded (Face)
2024-10-02 13:11:48,542198617,FaceStation 2 542198617 (192.168.8.205),All Users,200367,1:N authentication succeeded (Face)
2024-10-02 13:11:45,542198617,FaceStation 2 542198617 (192.168.8.205),All Users,200367,1:N authentication succeeded (Face)
2024-10-02 13:11:10,542198617,FaceStation 2 542198617 (192.168.8.205),All Users,200402,1:N authentication succeeded (Face)
2024-10-02 13:11:08,542198617,FaceStation 2 542198617 (192.168.8.205),All Users,200401,1:N authentication succeeded (Face)
2024-10-02 13:09:04,542198617,FaceStation 2 542198617 (192.168.8.205),All Users,200372,1:N authentication succeeded (Face)
2024-10-02 13:09:00,542198617,FaceStation 2 542198617 (192.168.8.205),All Users,200376,1:N authentication succeeded (Face)
2024-10-02 13:06:21,542198617,FaceStation 2 542198617 (192.168.8.205),All Users,200413,1:N authentication succeeded (Face)
2024-10-02 13:06:19,542198617,FaceStation 2 542198617 (192.168.8.205),All Users,200413,1:N authentication succeeded (Face)
2024-10-02 13:06:05,542198617,FaceStation 2 542198617 (192.168.8.205),All Users,200414,1:N authentication succeeded (Face)
2024-10-02 13:06:02,542198617,FaceStation 2 542198617 (192.168.8.205),All Users,200414,1:N authentication succeeded (Face)
2024-10-02 13:05:58,542198617,FaceStation 2 542198617 (192.168.8.205),All Users,200346,1:N authentication succeeded (Face)
2024-10-02 13:05:55,542198617,FaceStation 2 542198617 (192.168.8.205),All Users,200346,1:N authentication succeeded (Face)
2024-10-02 13:05:41,542198617,FaceStation 2 542198617 (192.168.8.205),All Users,200422,1:N authentication succeeded (Face)
2024-10-02 13:05:32,542198617,FaceStation 2 542198617 (192.168.8.205),All Users,200023,1:N authentication succeeded (Face)
2024-10-02 13:05:29,542198617,FaceStation 2 542198617 (192.168.8.205),All Users,200023,1:N authentication succeeded (Face)
2024-10-02 13:03:31,542198617,FaceStation 2 542198617 (192.168.8.205),All Users,200437,1:N authentication succeeded (Face)
2024-10-02 13:03:20,542198617,FaceStation 2 542198617 (192.168.8.205),All Users,200368,1:N authentication succeeded (Face)
2024-10-02 13:03:07,542198617,FaceStation 2 542198617 (192.168.8.205),All Users,200337,1:N authentication succeeded (Face)
2024-10-02 13:03:03,542198617,FaceStation 2 542198617 (192.168.8.205),All Users,200330,1:N authentication succeeded (Face)
2024-10-02 13:02:12,542198617,FaceStation 2 542198617 (192.168.8.205),All Users,200062,1:N authentication succeeded (Face)
2024-10-02 13:02:10,542198617,FaceStation 2 542198617 (192.168.8.205),All Users,200062,1:N authentication succeeded (Face)
2024-10-02 12:54:21,542198617,FaceStation 2 542198617 (192.168.8.205),All Users,200294,1:N authentication succeeded (Face)
2024-10-02 12:54:18,542198617,FaceStation 2 542198617 (192.168.8.205),All Users,200294,1:N authentication succeeded (Face)
2024-10-02 12:38:41,542198617,FaceStation 2 542198617 (192.168.8.205),All Users,200395,1:N authentication succeeded (Face)
2024-10-02 12:38:38,542198617,FaceStation 2 542198617 (192.168.8.205),All Users,200395,1:N authentication succeeded (Face)
2024-10-02 12:38:33,542198617,FaceStation 2 542198617 (192.168.8.205),All Users,200186,1:N authentication succeeded (Face)
2024-10-02 12:35:46,542198617,FaceStation 2 542198617 (192.168.8.205),All Users,200064,1:N authentication succeeded (Face)
2024-10-02 12:34:48,542198617,FaceStation 2 542198617 (192.168.8.205),All Users,200329,1:N authentication succeeded (Face)
2024-10-02 12:34:28,542198617,FaceStation 2 542198617 (192.168.8.205),All Users,200003,1:N authentication succeeded (Face)
2024-10-02 12:34:26,542198617,FaceStation 2 542198617 (192.168.8.205),All Users,200003,1:N authentication succeeded (Face)
2024-10-02 12:34:22,542198617,FaceStation 2 542198617 (192.168.8.205),All Users,200330,1:N authentication succeeded (Face)
2024-10-02 12:34:12,542198617,FaceStation 2 542198617 (192.168.8.205),All Users,200413,1:N authentication succeeded (Face)
2024-10-02 12:34:07,542198617,FaceStation 2 542198617 (192.168.8.205),All Users,200294,1:N authentication succeeded (Face)
2024-10-02 12:34:04,542198617,FaceStation 2 542198617 (192.168.8.205),All Users,200294,1:N authentication succeeded (Face)
2024-10-02 12:33:58,542198617,FaceStation 2 542198617 (192.168.8.205),All Users,200062,1:N authentication succeeded (Face)
2024-10-02 12:33:55,542198617,FaceStation 2 542198617 (192.168.8.205),All Users,200062,1:N authentication succeeded (Face)
2024-10-02 12:33:40,542198617,FaceStation 2 542198617 (192.168.8.205),All Users,200437,1:N authentication succeeded (Face)
2024-10-02 12:33:35,542198617,FaceStation 2 542198617 (192.168.8.205),All Users,200422,1:N authentication succeeded (Face)
2024-10-02 12:33:31,542198617,FaceStation 2 542198617 (192.168.8.205),All Users,200337,1:N authentication succeeded (Face)
2024-10-02 12:33:27,542198617,FaceStation 2 542198617 (192.168.8.205),All Users,200357,1:N authentication succeeded (Face)
2024-10-02 12:33:24,542198617,FaceStation 2 542198617 (192.168.8.205),All Users,200357,1:N authentication succeeded (Face)
2024-10-02 12:33:20,542198617,FaceStation 2 542198617 (192.168.8.205),All Users,200392,1:N authentication succeeded (Face)
2024-10-02 12:33:14,542198617,FaceStation 2 542198617 (192.168.8.205),All Users,200153,1:N authentication succeeded (Face)
2024-10-02 12:33:03,542198617,FaceStation 2 542198617 (192.168.8.205),All Users,200042,1:N authentication succeeded (Face)
2024-10-02 12:33:00,542198617,FaceStation 2 542198617 (192.168.8.205),All Users,200042,1:N authentication succeeded (Face)
2024-10-02 12:32:31,542198617,FaceStation 2 542198617 (192.168.8.205),All Users,200011,1:N authentication succeeded (Face)
2024-10-02 12:32:28,542198617,FaceStation 2 542198617 (192.168.8.205),All Users,200367,1:N authentication succeeded (Face)
2024-10-02 12:32:25,542198617,FaceStation 2 542198617 (192.168.8.205),All Users,200367,1:N authentication succeeded (Face)
2024-10-02 12:32:22,542198617,FaceStation 2 542198617 (192.168.8.205),All Users,200174,1:N authentication succeeded (Face)
2024-10-02 12:32:20,542198617,FaceStation 2 542198617 (192.168.8.205),All Users,200174,1:N authentication succeeded (Face)
2024-10-02 12:32:06,542198617,FaceStation 2 542198617 (192.168.8.205),All Users,200217,1:N authentication succeeded (Face)
2024-10-02 12:32:04,542198617,FaceStation 2 542198617 (192.168.8.205),All Users,200217,1:N authentication succeeded (Face)
2024-10-02 12:32:01,542198617,FaceStation 2 542198617 (192.168.8.205),All Users,200028,1:N authentication succeeded (Face)
2024-10-02 12:31:57,542198617,FaceStation 2 542198617 (192.168.8.205),All Users,200028,1:N authentication succeeded (Face)
2024-10-02 12:31:22,542198617,FaceStation 2 542198617 (192.168.8.205),All Users,200166,1:N authentication succeeded (Face)
2024-10-02 12:31:16,542198617,FaceStation 2 542198617 (192.168.8.205),All Users,200001,1:N authentication succeeded (Face)
2024-10-02 12:31:13,542198617,FaceStation 2 542198617 (192.168.8.205),All Users,200001,1:N authentication succeeded (Face)
2024-10-02 12:31:10,542198617,FaceStation 2 542198617 (192.168.8.205),All Users,200072,1:N authentication succeeded (Face)
2024-10-02 12:31:07,542198617,FaceStation 2 542198617 (192.168.8.205),All Users,200346,1:N authentication succeeded (Face)
2024-10-02 12:31:04,542198617,FaceStation 2 542198617 (192.168.8.205),All Users,200346,1:N authentication succeeded (Face)
2024-10-02 12:30:59,542198617,FaceStation 2 542198617 (192.168.8.205),All Users,200415,1:N authentication succeeded (Face)
2024-10-02 12:30:57,542198617,FaceStation 2 542198617 (192.168.8.205),All Users,200416,1:N authentication succeeded (Face)
2024-10-02 12:30:53,542198617,FaceStation 2 542198617 (192.168.8.205),All Users,200434,1:N authentication succeeded (Face)
2024-10-02 12:30:49,542198617,FaceStation 2 542198617 (192.168.8.205),All Users,200434,1:N authentication succeeded (Face)
2024-10-02 12:30:43,542198617,FaceStation 2 542198617 (192.168.8.205),All Users,200023,1:N authentication succeeded (Face)
2024-10-02 12:30:39,542198617,FaceStation 2 542198617 (192.168.8.205),All Users,200023,1:N authentication succeeded (Face)
2024-10-02 12:30:31,542198617,FaceStation 2 542198617 (192.168.8.205),All Users,200439,1:N authentication succeeded (Face)
2024-10-02 12:30:28,542198617,FaceStation 2 542198617 (192.168.8.205),All Users,200015,1:N authentication succeeded (Face)
2024-10-02 12:30:26,542198617,FaceStation 2 542198617 (192.168.8.205),All Users,200015,1:N authentication succeeded (Face)
2024-10-02 12:30:23,542198617,FaceStation 2 542198617 (192.168.8.205),All Users,200015,1:N authentication succeeded (Face)
2024-10-02 12:30:19,542198617,FaceStation 2 542198617 (192.168.8.205),All Users,200391,1:N authentication succeeded (Face)
2024-10-02 12:30:08,542198617,FaceStation 2 542198617 (192.168.8.205),All Users,993001024,1:N authentication succeeded (Face)
2024-10-02 12:30:03,542198617,FaceStation 2 542198617 (192.168.8.205),All Users,200440,1:N authentication succeeded (Face)
2024-10-02 12:29:54,542198617,FaceStation 2 542198617 (192.168.8.205),All Users,200427,1:N authentication succeeded (Face)
2024-10-02 12:29:50,542198617,FaceStation 2 542198617 (192.168.8.205),All Users,200066,1:N authentication succeeded (Face)
2024-10-02 12:29:45,542198617,FaceStation 2 542198617 (192.168.8.205),All Users,200359,1:N authentication succeeded (Face)
2024-10-02 12:29:42,542198617,FaceStation 2 542198617 (192.168.8.205),All Users,200074,1:N authentication succeeded (Face)
2024-10-02 12:29:39,542198617,FaceStation 2 542198617 (192.168.8.205),All Users,200386,1:N authentication succeeded (Face)
2024-10-02 12:29:37,542198617,FaceStation 2 542198617 (192.168.8.205),All Users,200242,1:N authentication succeeded (Face)
2024-10-02 12:29:34,542198617,FaceStation 2 542198617 (192.168.8.205),All Users,200348,1:N authentication succeeded (Face)
2024-10-02 12:29:31,542198617,FaceStation 2 542198617 (192.168.8.205),All Users,200348,1:N authentication succeeded (Face)
2024-10-02 12:29:22,542198617,FaceStation 2 542198617 (192.168.8.205),All Users,200352,1:N authentication succeeded (Face)
2024-10-02 12:29:19,542198617,FaceStation 2 542198617 (192.168.8.205),All Users,200222,1:N authentication succeeded (Face)
2024-10-02 12:29:16,542198617,FaceStation 2 542198617 (192.168.8.205),All Users,200425,1:N authentication succeeded (Face)
2024-10-02 12:29:13,542198617,FaceStation 2 542198617 (192.168.8.205),All Users,200414,1:N authentication succeeded (Face)
2024-10-02 12:29:09,542198617,FaceStation 2 542198617 (192.168.8.205),All Users,200031,1:N authentication succeeded (Face)
2024-10-02 12:29:07,542198617,FaceStation 2 542198617 (192.168.8.205),All Users,200418,1:N authentication succeeded (Face)
2024-10-02 12:29:04,542198617,FaceStation 2 542198617 (192.168.8.205),All Users,200342,1:N authentication succeeded (Face)
2024-10-02 12:29:01,542198617,FaceStation 2 542198617 (192.168.8.205),All Users,200368,1:N authentication succeeded (Face)
2024-10-02 12:28:58,542198617,FaceStation 2 542198617 (192.168.8.205),All Users,200401,1:N authentication succeeded (Face)
2024-10-02 12:28:55,542198617,FaceStation 2 542198617 (192.168.8.205),All Users,200372,1:N authentication succeeded (Face)
2024-10-02 12:28:52,542198617,FaceStation 2 542198617 (192.168.8.205),All Users,200385,1:N authentication succeeded (Face)
2024-10-02 12:28:46,542198617,FaceStation 2 542198617 (192.168.8.205),All Users,200402,1:N authentication succeeded (Face)
2024-10-02 12:28:43,542198617,FaceStation 2 542198617 (192.168.8.205),All Users,200376,1:N authentication succeeded (Face)
2024-10-02 12:28:40,542198617,FaceStation 2 542198617 (192.168.8.205),All Users,200110,1:N authentication succeeded (Face)
2024-10-02 12:28:37,542198617,FaceStation 2 542198617 (192.168.8.205),All Users,200245,1:N authentication succeeded (Face)
2024-10-02 12:28:34,542198617,FaceStation 2 542198617 (192.168.8.205),All Users,200245,1:N authentication succeeded (Face)
2024-10-02 11:28:57,542198617,FaceStation 2 542198617 (192.168.8.205),All Users,200166,1:N authentication succeeded (Face)
2024-10-02 09:29:10,542198617,FaceStation 2 542198617 (192.168.8.205),All Users,200337,1:N authentication succeeded (Face)
2024-10-02 09:29:08,542198617,FaceStation 2 542198617 (192.168.8.205),All Users,200337,1:N authentication succeeded (Face)
2024-10-02 08:42:45,542198617,FaceStation 2 542198617 (192.168.8.205),,,BioStar connected
2024-10-02 08:32:03,542198617,FaceStation 2 542198617 (192.168.8.205),All Users,993001024,1:N authentication succeeded (Face)
2024-10-02 08:32:00,542198617,FaceStation 2 542198617 (192.168.8.205),All Users,993001024,1:N authentication succeeded (Face)
2024-10-02 08:14:25,542198617,FaceStation 2 542198617 (192.168.8.205),All Users,200386,1:N authentication succeeded (Face)
2024-10-02 08:13:59,542198617,FaceStation 2 542198617 (192.168.8.205),All Users,200064,1:N authentication succeeded (Face)
2024-10-02 08:10:55,542198617,FaceStation 2 542198617 (192.168.8.205),All Users,200359,1:N authentication succeeded (Face)
2024-10-02 08:10:53,542198617,FaceStation 2 542198617 (192.168.8.205),All Users,200359,1:N authentication succeeded (Face)
2024-10-02 08:09:41,542198617,FaceStation 2 542198617 (192.168.8.205),All Users,200066,1:N authentication succeeded (Face)
2024-10-02 08:07:25,542198617,FaceStation 2 542198617 (192.168.8.205),All Users,200031,1:N authentication succeeded (Face)
2024-10-02 08:05:32,542198617,FaceStation 2 542198617 (192.168.8.205),All Users,200425,1:N authentication succeeded (Face)
2024-10-02 08:05:26,542198617,FaceStation 2 542198617 (192.168.8.205),All Users,200072,1:N authentication succeeded (Face)
2024-10-02 08:05:02,542198617,FaceStation 2 542198617 (192.168.8.205),All Users,200217,1:N authentication succeeded (Face)
2024-10-02 08:04:59,542198617,FaceStation 2 542198617 (192.168.8.205),All Users,200217,1:N authentication succeeded (Face)
2024-10-02 08:04:48,542198617,FaceStation 2 542198617 (192.168.8.205),All Users,200342,1:N authentication succeeded (Face)
2024-10-02 08:04:45,542198617,FaceStation 2 542198617 (192.168.8.205),All Users,200352,1:N authentication succeeded (Face)
2024-10-02 08:04:43,542198617,FaceStation 2 542198617 (192.168.8.205),All Users,200352,1:N authentication succeeded (Face)
2024-10-02 08:04:40,542198617,FaceStation 2 542198617 (192.168.8.205),All Users,200222,1:N authentication succeeded (Face)
2024-10-02 08:04:37,542198617,FaceStation 2 542198617 (192.168.8.205),All Users,200222,1:N authentication succeeded (Face)
2024-10-02 08:03:47,542198617,FaceStation 2 542198617 (192.168.8.205),All Users,200074,1:N authentication succeeded (Face)
2024-10-02 08:03:19,542198617,FaceStation 2 542198617 (192.168.8.205),All Users,200391,1:N authentication succeeded (Face)
2024-10-02 08:03:17,542198617,FaceStation 2 542198617 (192.168.8.205),All Users,200391,1:N authentication succeeded (Face)
2024-10-02 08:01:41,542198617,FaceStation 2 542198617 (192.168.8.205),All Users,200414,1:N authentication succeeded (Face)
2024-10-02 08:01:25,542198617,FaceStation 2 542198617 (192.168.8.205),All Users,200329,1:N authentication succeeded (Face)
2024-10-02 08:01:10,542198617,FaceStation 2 542198617 (192.168.8.205),All Users,200434,1:N authentication succeeded (Face)
2024-10-02 08:00:56,542198617,FaceStation 2 542198617 (192.168.8.205),All Users,200415,1:N authentication succeeded (Face)
2024-10-02 08:00:53,542198617,FaceStation 2 542198617 (192.168.8.205),All Users,200415,1:N authentication succeeded (Face)
2024-10-02 08:00:51,542198617,FaceStation 2 542198617 (192.168.8.205),All Users,200416,1:N authentication succeeded (Face)
2024-10-02 08:00:48,542198617,FaceStation 2 542198617 (192.168.8.205),All Users,200416,1:N authentication succeeded (Face)
2024-10-02 07:59:31,542198617,FaceStation 2 542198617 (192.168.8.205),All Users,200110,1:N authentication succeeded (Face)
2024-10-02 07:59:28,542198617,FaceStation 2 542198617 (192.168.8.205),All Users,200110,1:N authentication succeeded (Face)
2024-10-02 07:59:25,542198617,FaceStation 2 542198617 (192.168.8.205),All Users,200153,1:N authentication succeeded (Face)
2024-10-02 07:58:45,542198617,FaceStation 2 542198617 (192.168.8.205),All Users,200001,1:N authentication succeeded (Face)
2024-10-02 07:58:43,542198617,FaceStation 2 542198617 (192.168.8.205),All Users,200001,1:N authentication succeeded (Face)
2024-10-02 07:58:40,542198617,FaceStation 2 542198617 (192.168.8.205),All Users,200001,1:N authentication succeeded (Face)
2024-10-02 07:57:54,542198617,FaceStation 2 542198617 (192.168.8.205),All Users,200418,1:N authentication succeeded (Face)
2024-10-02 07:57:50,542198617,FaceStation 2 542198617 (192.168.8.205),All Users,200413,1:N authentication succeeded (Face)
2024-10-02 07:57:36,542198617,FaceStation 2 542198617 (192.168.8.205),All Users,200186,1:N authentication succeeded (Face)
2024-10-02 07:57:31,542198617,FaceStation 2 542198617 (192.168.8.205),All Users,200395,1:N authentication succeeded (Face)
2024-10-02 07:57:28,542198617,FaceStation 2 542198617 (192.168.8.205),All Users,200395,1:N authentication succeeded (Face)
2024-10-02 07:57:18,542198617,FaceStation 2 542198617 (192.168.8.205),All Users,200385,1:N authentication succeeded (Face)
2024-10-02 07:57:05,542198617,FaceStation 2 542198617 (192.168.8.205),All Users,200422,1:N authentication succeeded (Face)
2024-10-02 07:56:55,542198617,FaceStation 2 542198617 (192.168.8.205),All Users,200440,1:N authentication succeeded (Face)
2024-10-02 07:56:51,542198617,FaceStation 2 542198617 (192.168.8.205),All Users,200440,1:N authentication succeeded (Face)
2024-10-02 07:56:48,542198617,FaceStation 2 542198617 (192.168.8.205),All Users,200023,1:N authentication succeeded (Face)
2024-10-02 07:56:45,542198617,FaceStation 2 542198617 (192.168.8.205),All Users,200023,1:N authentication succeeded (Face)
2024-10-02 07:56:41,542198617,FaceStation 2 542198617 (192.168.8.205),All Users,200028,1:N authentication succeeded (Face)
2024-10-02 07:56:39,542198617,FaceStation 2 542198617 (192.168.8.205),All Users,200028,1:N authentication succeeded (Face)
2024-10-02 07:55:46,542198617,FaceStation 2 542198617 (192.168.8.205),All Users,200437,1:N authentication succeeded (Face)
2024-10-02 07:55:10,542198617,FaceStation 2 542198617 (192.168.8.205),All Users,200091,1:N authentication succeeded (Face)
2024-10-02 07:55:07,542198617,FaceStation 2 542198617 (192.168.8.205),All Users,200091,1:N authentication succeeded (Face)
2024-10-02 07:54:11,542198617,FaceStation 2 542198617 (192.168.8.205),All Users,200372,1:N authentication succeeded (Face)
2024-10-02 07:54:08,542198617,FaceStation 2 542198617 (192.168.8.205),All Users,200372,1:N authentication succeeded (Face)
2024-10-02 07:53:18,542198617,FaceStation 2 542198617 (192.168.8.205),All Users,200011,1:N authentication succeeded (Face)
2024-10-02 07:53:15,542198617,FaceStation 2 542198617 (192.168.8.205),All Users,200011,1:N authentication succeeded (Face)
2024-10-02 07:52:57,542198617,FaceStation 2 542198617 (192.168.8.205),All Users,200367,1:N authentication succeeded (Face)
2024-10-02 07:52:55,542198617,FaceStation 2 542198617 (192.168.8.205),All Users,200367,1:N authentication succeeded (Face)
2024-10-02 07:52:25,542198617,FaceStation 2 542198617 (192.168.8.205),All Users,200348,1:N authentication succeeded (Face)
2024-10-02 07:52:22,542198617,FaceStation 2 542198617 (192.168.8.205),All Users,200348,1:N authentication succeeded (Face)
2024-10-02 07:51:50,542198617,FaceStation 2 542198617 (192.168.8.205),All Users,200408,1:N authentication succeeded (Face)
2024-10-02 07:51:46,542198617,FaceStation 2 542198617 (192.168.8.205),All Users,200427,1:N authentication succeeded (Face)
2024-10-02 07:51:43,542198617,FaceStation 2 542198617 (192.168.8.205),All Users,200427,1:N authentication succeeded (Face)
2024-10-02 07:50:59,542198617,FaceStation 2 542198617 (192.168.8.205),All Users,200357,1:N authentication succeeded (Face)
2024-10-02 07:50:56,542198617,FaceStation 2 542198617 (192.168.8.205),All Users,200357,1:N authentication succeeded (Face)
2024-10-02 07:50:50,542198617,FaceStation 2 542198617 (192.168.8.205),All Users,200242,1:N authentication succeeded (Face)
2024-10-02 07:50:47,542198617,FaceStation 2 542198617 (192.168.8.205),All Users,200330,1:N authentication succeeded (Face)
2024-10-02 07:50:43,542198617,FaceStation 2 542198617 (192.168.8.205),All Users,200245,1:N authentication succeeded (Face)
2024-10-02 07:50:41,542198617,FaceStation 2 542198617 (192.168.8.205),All Users,200245,1:N authentication succeeded (Face)
2024-10-02 07:50:38,542198617,FaceStation 2 542198617 (192.168.8.205),All Users,200174,1:N authentication succeeded (Face)
2024-10-02 07:50:36,542198617,FaceStation 2 542198617 (192.168.8.205),All Users,200174,1:N authentication succeeded (Face)
2024-10-02 07:49:40,542198617,FaceStation 2 542198617 (192.168.8.205),All Users,200376,1:N authentication succeeded (Face)
2024-10-02 07:49:29,542198617,FaceStation 2 542198617 (192.168.8.205),All Users,200439,1:N authentication succeeded (Face)
2024-10-02 07:49:26,542198617,FaceStation 2 542198617 (192.168.8.205),All Users,200439,1:N authentication succeeded (Face)
2024-10-02 07:48:29,542198617,FaceStation 2 542198617 (192.168.8.205),All Users,200015,1:N authentication succeeded (Face)
2024-10-02 07:48:27,542198617,FaceStation 2 542198617 (192.168.8.205),All Users,200015,1:N authentication succeeded (Face)
2024-10-02 07:48:24,542198617,FaceStation 2 542198617 (192.168.8.205),All Users,200015,1:N authentication succeeded (Face)
2024-10-02 07:48:22,542198617,FaceStation 2 542198617 (192.168.8.205),All Users,200015,1:N authentication succeeded (Face)
2024-10-02 07:46:46,542198617,FaceStation 2 542198617 (192.168.8.205),All Users,200294,1:N authentication succeeded (Face)
2024-10-02 07:46:44,542198617,FaceStation 2 542198617 (192.168.8.205),All Users,200294,1:N authentication succeeded (Face)
2024-10-02 07:39:02,542198617,FaceStation 2 542198617 (192.168.8.205),All Users,200042,1:N authentication succeeded (Face)
2024-10-02 07:38:59,542198617,FaceStation 2 542198617 (192.168.8.205),All Users,200042,1:N authentication succeeded (Face)
2024-10-02 07:36:29,542198617,FaceStation 2 542198617 (192.168.8.205),All Users,200346,1:N authentication succeeded (Face)
2024-10-02 07:36:26,542198617,FaceStation 2 542198617 (192.168.8.205),All Users,200346,1:N authentication succeeded (Face)
2024-10-02 07:36:02,542198617,FaceStation 2 542198617 (192.168.8.205),All Users,200401,1:N authentication succeeded (Face)
2024-10-02 07:35:55,542198617,FaceStation 2 542198617 (192.168.8.205),All Users,200402,1:N authentication succeeded (Face)
2024-10-02 07:35:17,542198617,FaceStation 2 542198617 (192.168.8.205),All Users,200062,1:N authentication succeeded (Face)
2024-10-02 07:35:14,542198617,FaceStation 2 542198617 (192.168.8.205),All Users,200062,1:N authentication succeeded (Face)
2024-10-02 07:23:24,542198617,FaceStation 2 542198617 (192.168.8.205),All Users,200368,1:N authentication succeeded (Face)
2024-10-02 07:23:21,542198617,FaceStation 2 542198617 (192.168.8.205),All Users,200368,1:N authentication succeeded (Face)
2024-10-02 07:19:37,542198617,FaceStation 2 542198617 (192.168.8.205),All Users,200392,1:N authentication succeeded (Face)
2024-10-02 07:19:35,542198617,FaceStation 2 542198617 (192.168.8.205),All Users,200392,1:N authentication succeeded (Face)
2024-10-02 07:19:32,542198617,FaceStation 2 542198617 (192.168.8.205),All Users,200392,1:N authentication succeeded (Face)
2024-10-02 06:51:59,542198617,FaceStation 2 542198617 (192.168.8.205),All Users,200003,1:N authentication succeeded (Face)
2024-10-02 06:51:56,542198617,FaceStation 2 542198617 (192.168.8.205),All Users,200003,1:N authentication succeeded (Face)
2024-10-02 06:34:12,542198617,FaceStation 2 542198617 (192.168.8.205),All Users,200389,1:N authentication succeeded (Face)
2024-10-02 06:34:09,542198617,FaceStation 2 542198617 (192.168.8.205),All Users,200389,1:N authentication succeeded (Face)
2024-10-02 06:34:07,542198617,FaceStation 2 542198617 (192.168.8.205),All Users,200389,1:N authentication succeeded (Face)
2024-10-02 06:34:04,542198617,FaceStation 2 542198617 (192.168.8.205),All Users,200389,1:N authentication succeeded (Face)
2024-10-01 18:41:41,542198617,FaceStation 2 542198617 (192.168.8.205),All Users,200389,1:N authentication succeeded (Face)
2024-10-01 18:41:38,542198617,FaceStation 2 542198617 (192.168.8.205),All Users,200389,1:N authentication succeeded (Face)
2024-10-01 18:41:36,542198617,FaceStation 2 542198617 (192.168.8.205),All Users,200389,1:N authentication succeeded (Face)
2024-10-01 18:41:33,542198617,FaceStation 2 542198617 (192.168.8.205),All Users,200389,1:N authentication succeeded (Face)
2024-10-01 16:49:04,542198617,FaceStation 2 542198617 (192.168.8.205),All Users,200389,1:N authentication succeeded (Face)
2024-10-01 16:49:01,542198617,FaceStation 2 542198617 (192.168.8.205),All Users,200389,1:N authentication succeeded (Face)
2024-10-01 16:48:58,542198617,FaceStation 2 542198617 (192.168.8.205),All Users,200389,1:N authentication succeeded (Face)
2024-10-01 15:33:16,542198617,FaceStation 2 542198617 (192.168.8.205),All Users,200389,1:N authentication succeeded (Face)
2024-10-01 15:33:14,542198617,FaceStation 2 542198617 (192.168.8.205),All Users,200389,1:N authentication succeeded (Face)
2024-10-01 14:16:02,542198617,FaceStation 2 542198617 (192.168.8.205),All Users,200389,1:N authentication succeeded (Face)
2024-10-01 14:15:59,542198617,FaceStation 2 542198617 (192.168.8.205),All Users,200389,1:N authentication succeeded (Face)
2024-10-01 14:15:57,542198617,FaceStation 2 542198617 (192.168.8.205),All Users,200389,1:N authentication succeeded (Face)
2024-10-01 13:01:23,542198617,FaceStation 2 542198617 (192.168.8.205),All Users,200389,1:N authentication succeeded (Face)
2024-10-01 13:01:21,542198617,FaceStation 2 542198617 (192.168.8.205),All Users,200389,1:N authentication succeeded (Face)
2024-10-01 13:01:18,542198617,FaceStation 2 542198617 (192.168.8.205),All Users,200389,1:N authentication succeeded (Face)
2024-10-01 10:14:53,542198617,FaceStation 2 542198617 (192.168.8.205),All Users,200389,1:N authentication succeeded (Face)
2024-10-01 10:14:50,542198617,FaceStation 2 542198617 (192.168.8.205),All Users,200389,1:N authentication succeeded (Face)
2024-10-01 07:09:06,542198617,FaceStation 2 542198617 (192.168.8.205),All Users,200003,1:N authentication succeeded (Face)
2024-10-01 07:09:04,542198617,FaceStation 2 542198617 (192.168.8.205),All Users,200003,1:N authentication succeeded (Face)
2024-10-01 06:58:08,542198617,FaceStation 2 542198617 (192.168.8.205),All Users,200389,1:N authentication succeeded (Face)
2024-10-01 06:58:05,542198617,FaceStation 2 542198617 (192.168.8.205),All Users,200389,1:N authentication succeeded (Face)
2024-10-01 06:58:03,542198617,FaceStation 2 542198617 (192.168.8.205),All Users,200389,1:N authentication succeeded (Face)
2024-10-01 04:27:31,542198617,FaceStation 2 542198617 (192.168.8.205),,,Network connected
2024-10-01 04:27:31,542198617,FaceStation 2 542198617 (192.168.8.205),,,DHCP connected
2024-10-01 04:24:30,542198617,FaceStation 2 542198617 (192.168.8.205),,,Network disconnected
2024-09-30 23:32:58,542198617,FaceStation 2 542198617 (192.168.8.205),All Users,200003,1:N authentication succeeded (Face)
2024-09-30 23:32:56,542198617,FaceStation 2 542198617 (192.168.8.205),All Users,200003,1:N authentication succeeded (Face)
2024-09-30 23:00:21,542198617,FaceStation 2 542198617 (192.168.8.205),All Users,200003,1:N authentication succeeded (Face)
2024-09-30 23:00:19,542198617,FaceStation 2 542198617 (192.168.8.205),All Users,200003,1:N authentication succeeded (Face)
2024-09-30 19:00:29,542198617,FaceStation 2 542198617 (192.168.8.205),All Users,200003,1:N authentication succeeded (Face)
2024-09-30 19:00:26,542198617,FaceStation 2 542198617 (192.168.8.205),All Users,200003,1:N authentication succeeded (Face)
2024-09-30 17:55:45,542198617,FaceStation 2 542198617 (192.168.8.205),All Users,200294,1:N authentication succeeded (Face)
2024-09-30 17:55:42,542198617,FaceStation 2 542198617 (192.168.8.205),All Users,200294,1:N authentication succeeded (Face)
2024-09-30 17:55:37,542198617,FaceStation 2 542198617 (192.168.8.205),All Users,200434,1:N authentication succeeded (Face)
2024-09-30 17:54:46,542198617,FaceStation 2 542198617 (192.168.8.205),All Users,200401,1:N authentication succeeded (Face)
2024-09-30 17:54:41,542198617,FaceStation 2 542198617 (192.168.8.205),All Users,200391,1:N authentication succeeded (Face)
2024-09-30 17:54:38,542198617,FaceStation 2 542198617 (192.168.8.205),All Users,200391,1:N authentication succeeded (Face)
2024-09-30 17:54:34,542198617,FaceStation 2 542198617 (192.168.8.205),All Users,200153,1:N authentication succeeded (Face)
2024-09-30 17:54:30,542198617,FaceStation 2 542198617 (192.168.8.205),All Users,200015,1:N authentication succeeded (Face)
2024-09-30 17:54:27,542198617,FaceStation 2 542198617 (192.168.8.205),All Users,200015,1:N authentication succeeded (Face)
2024-09-30 17:54:24,542198617,FaceStation 2 542198617 (192.168.8.205),All Users,200015,1:N authentication succeeded (Face)
2024-09-30 17:54:20,542198617,FaceStation 2 542198617 (192.168.8.205),All Users,200359,1:N authentication succeeded (Face)
2024-09-30 17:54:18,542198617,FaceStation 2 542198617 (192.168.8.205),All Users,200359,1:N authentication succeeded (Face)
2024-09-30 17:53:37,542198617,FaceStation 2 542198617 (192.168.8.205),All Users,200166,1:N authentication succeeded (Face)
2024-09-30 17:53:33,542198617,FaceStation 2 542198617 (192.168.8.205),All Users,200413,1:N authentication succeeded (Face)
2024-09-30 17:53:18,542198617,FaceStation 2 542198617 (192.168.8.205),All Users,200072,1:N authentication succeeded (Face)
2024-09-30 17:53:15,542198617,FaceStation 2 542198617 (192.168.8.205),All Users,200418,1:N authentication succeeded (Face)
2024-09-30 17:52:55,542198617,FaceStation 2 542198617 (192.168.8.205),All Users,200064,1:N authentication succeeded (Face)
2024-09-30 17:52:52,542198617,FaceStation 2 542198617 (192.168.8.205),All Users,200064,1:N authentication succeeded (Face)
2024-09-30 17:52:41,542198617,FaceStation 2 542198617 (192.168.8.205),All Users,200402,1:N authentication succeeded (Face)
2024-09-30 17:52:35,542198617,FaceStation 2 542198617 (192.168.8.205),All Users,200342,1:N authentication succeeded (Face)
2024-09-30 17:52:32,542198617,FaceStation 2 542198617 (192.168.8.205),All Users,200329,1:N authentication succeeded (Face)
2024-09-30 17:52:29,542198617,FaceStation 2 542198617 (192.168.8.205),All Users,200395,1:N authentication succeeded (Face)
2024-09-30 17:52:26,542198617,FaceStation 2 542198617 (192.168.8.205),All Users,200395,1:N authentication succeeded (Face)
2024-09-30 17:52:21,542198617,FaceStation 2 542198617 (192.168.8.205),All Users,200440,1:N authentication succeeded (Face)
2024-09-30 17:52:17,542198617,FaceStation 2 542198617 (192.168.8.205),All Users,200217,1:N authentication succeeded (Face)
2024-09-30 17:52:14,542198617,FaceStation 2 542198617 (192.168.8.205),All Users,200217,1:N authentication succeeded (Face)
2024-09-30 17:52:12,542198617,FaceStation 2 542198617 (192.168.8.205),All Users,200028,1:N authentication succeeded (Face)
2024-09-30 17:52:10,542198617,FaceStation 2 542198617 (192.168.8.205),All Users,200028,1:N authentication succeeded (Face)
2024-09-30 17:52:03,542198617,FaceStation 2 542198617 (192.168.8.205),All Users,200066,1:N authentication succeeded (Face)
2024-09-30 17:51:58,542198617,FaceStation 2 542198617 (192.168.8.205),All Users,200437,1:N authentication succeeded (Face)
2024-09-30 17:51:55,542198617,FaceStation 2 542198617 (192.168.8.205),All Users,200439,1:N authentication succeeded (Face)
2024-09-30 17:51:53,542198617,FaceStation 2 542198617 (192.168.8.205),All Users,200439,1:N authentication succeeded (Face)
2024-09-30 17:51:49,542198617,FaceStation 2 542198617 (192.168.8.205),All Users,200415,1:N authentication succeeded (Face)
2024-09-30 17:51:47,542198617,FaceStation 2 542198617 (192.168.8.205),All Users,200415,1:N authentication succeeded (Face)
2024-09-30 17:51:44,542198617,FaceStation 2 542198617 (192.168.8.205),All Users,200416,1:N authentication succeeded (Face)
2024-09-30 17:51:42,542198617,FaceStation 2 542198617 (192.168.8.205),All Users,200416,1:N authentication succeeded (Face)
2024-09-30 17:51:39,542198617,FaceStation 2 542198617 (192.168.8.205),All Users,200242,1:N authentication succeeded (Face)
2024-09-30 17:51:36,542198617,FaceStation 2 542198617 (192.168.8.205),All Users,200346,1:N authentication succeeded (Face)
2024-09-30 17:51:34,542198617,FaceStation 2 542198617 (192.168.8.205),All Users,200352,1:N authentication succeeded (Face)
2024-09-30 17:51:31,542198617,FaceStation 2 542198617 (192.168.8.205),All Users,200352,1:N authentication succeeded (Face)
2024-09-30 17:51:29,542198617,FaceStation 2 542198617 (192.168.8.205),All Users,200222,1:N authentication succeeded (Face)
2024-09-30 17:51:26,542198617,FaceStation 2 542198617 (192.168.8.205),All Users,200222,1:N authentication succeeded (Face)
2024-09-30 17:51:21,542198617,FaceStation 2 542198617 (192.168.8.205),All Users,200001,1:N authentication succeeded (Face)
2024-09-30 17:51:18,542198617,FaceStation 2 542198617 (192.168.8.205),All Users,200001,1:N authentication succeeded (Face)
2024-09-30 17:51:09,542198617,FaceStation 2 542198617 (192.168.8.205),All Users,200427,1:N authentication succeeded (Face)
2024-09-30 17:51:03,542198617,FaceStation 2 542198617 (192.168.8.205),All Users,200186,1:N authentication succeeded (Face)
2024-09-30 17:50:59,542198617,FaceStation 2 542198617 (192.168.8.205),All Users,200011,1:N authentication succeeded (Face)
2024-09-30 17:50:57,542198617,FaceStation 2 542198617 (192.168.8.205),All Users,200011,1:N authentication succeeded (Face)
2024-09-30 17:50:54,542198617,FaceStation 2 542198617 (192.168.8.205),All Users,200074,1:N authentication succeeded (Face)
2024-09-30 17:50:51,542198617,FaceStation 2 542198617 (192.168.8.205),All Users,200042,1:N authentication succeeded (Face)
2024-09-30 17:50:48,542198617,FaceStation 2 542198617 (192.168.8.205),All Users,200042,1:N authentication succeeded (Face)
2024-09-30 17:50:45,542198617,FaceStation 2 542198617 (192.168.8.205),All Users,200110,1:N authentication succeeded (Face)
2024-09-30 17:50:42,542198617,FaceStation 2 542198617 (192.168.8.205),All Users,200110,1:N authentication succeeded (Face)
2024-09-30 17:50:39,542198617,FaceStation 2 542198617 (192.168.8.205),All Users,200425,1:N authentication succeeded (Face)
2024-09-30 17:50:34,542198617,FaceStation 2 542198617 (192.168.8.205),All Users,200414,1:N authentication succeeded (Face)
2024-09-30 17:50:31,542198617,FaceStation 2 542198617 (192.168.8.205),All Users,200023,1:N authentication succeeded (Face)
2024-09-30 17:50:28,542198617,FaceStation 2 542198617 (192.168.8.205),All Users,200023,1:N authentication succeeded (Face)
2024-09-30 17:50:25,542198617,FaceStation 2 542198617 (192.168.8.205),All Users,200357,1:N authentication succeeded (Face)
2024-09-30 17:50:22,542198617,FaceStation 2 542198617 (192.168.8.205),All Users,200357,1:N authentication succeeded (Face)
2024-09-30 17:50:20,542198617,FaceStation 2 542198617 (192.168.8.205),All Users,200330,1:N authentication succeeded (Face)
2024-09-30 17:50:16,542198617,FaceStation 2 542198617 (192.168.8.205),All Users,200330,1:N authentication succeeded (Face)
2024-09-30 17:50:13,542198617,FaceStation 2 542198617 (192.168.8.205),All Users,200091,1:N authentication succeeded (Face)
2024-09-30 17:50:10,542198617,FaceStation 2 542198617 (192.168.8.205),All Users,200091,1:N authentication succeeded (Face)
2024-09-30 17:50:07,542198617,FaceStation 2 542198617 (192.168.8.205),All Users,200031,1:N authentication succeeded (Face)
2024-09-30 17:50:04,542198617,FaceStation 2 542198617 (192.168.8.205),All Users,200385,1:N authentication succeeded (Face)
2024-09-30 17:49:59,542198617,FaceStation 2 542198617 (192.168.8.205),All Users,200422,1:N authentication succeeded (Face)
2024-09-30 17:49:56,542198617,FaceStation 2 542198617 (192.168.8.205),All Users,200367,1:N authentication succeeded (Face)
2024-09-30 17:49:53,542198617,FaceStation 2 542198617 (192.168.8.205),All Users,200367,1:N authentication succeeded (Face)
2024-09-30 17:49:51,542198617,FaceStation 2 542198617 (192.168.8.205),All Users,200376,1:N authentication succeeded (Face)
2024-09-30 17:49:47,542198617,FaceStation 2 542198617 (192.168.8.205),All Users,200372,1:N authentication succeeded (Face)
2024-09-30 17:49:43,542198617,FaceStation 2 542198617 (192.168.8.205),All Users,200348,1:N authentication succeeded (Face)
2024-09-30 17:49:41,542198617,FaceStation 2 542198617 (192.168.8.205),All Users,200348,1:N authentication succeeded (Face)
2024-09-30 17:49:35,542198617,FaceStation 2 542198617 (192.168.8.205),All Users,200245,1:N authentication succeeded (Face)
2024-09-30 17:49:33,542198617,FaceStation 2 542198617 (192.168.8.205),All Users,200245,1:N authentication succeeded (Face)
2024-09-30 17:48:27,542198617,FaceStation 2 542198617 (192.168.8.205),All Users,200368,1:N authentication succeeded (Face)
2024-09-30 17:48:24,542198617,FaceStation 2 542198617 (192.168.8.205),All Users,200337,1:N authentication succeeded (Face)
2024-09-30 17:48:13,542198617,FaceStation 2 542198617 (192.168.8.205),All Users,200337,1:N authentication succeeded (Face)
2024-09-30 17:37:06,542198617,FaceStation 2 542198617 (192.168.8.205),All Users,200174,1:N authentication succeeded (Face)
2024-09-30 17:37:03,542198617,FaceStation 2 542198617 (192.168.8.205),All Users,200174,1:N authentication succeeded (Face)
2024-09-30 17:36:48,542198617,FaceStation 2 542198617 (192.168.8.205),All Users,993001024,1:N authentication succeeded (Face)
2024-09-30 17:36:30,542198617,FaceStation 2 542198617 (192.168.8.205),,,BioStar disconnected
2024-09-30 17:34:29,542198617,FaceStation 2 542198617 (192.168.8.205),All Users,200006,1:N authentication succeeded (Face)
2024-09-30 17:33:18,542198617,FaceStation 2 542198617 (192.168.8.205),,,BioStar connected
2024-09-30 17:28:17,542198617,FaceStation 2 542198617 (192.168.8.205),,,BioStar disconnected
2024-09-30 13:55:09,542198617,FaceStation 2 542198617 (192.168.8.205),All Users,200217,1:N authentication succeeded (Face)
2024-09-30 13:55:07,542198617,FaceStation 2 542198617 (192.168.8.205),All Users,200217,1:N authentication succeeded (Face)
2024-09-30 13:35:34,542198617,FaceStation 2 542198617 (192.168.8.205),All Users,200434,1:N authentication succeeded (Face)
2024-09-30 13:21:09,542198617,FaceStation 2 542198617 (192.168.8.205),All Users,200425,1:N authentication succeeded (Face)
2024-09-30 13:19:57,542198617,FaceStation 2 542198617 (192.168.8.205),All Users,200414,1:N authentication succeeded (Face)
2024-09-30 13:18:32,542198617,FaceStation 2 542198617 (192.168.8.205),All Users,200385,1:N authentication succeeded (Face)
2024-09-30 13:18:25,542198617,FaceStation 2 542198617 (192.168.8.205),All Users,200066,1:N authentication succeeded (Face)
2024-09-30 13:17:42,542198617,FaceStation 2 542198617 (192.168.8.205),All Users,200367,1:N authentication succeeded (Face)
2024-09-30 13:17:39,542198617,FaceStation 2 542198617 (192.168.8.205),All Users,200367,1:N authentication succeeded (Face)
2024-09-30 13:17:30,542198617,FaceStation 2 542198617 (192.168.8.205),All Users,200359,1:N authentication succeeded (Face)
2024-09-30 13:17:28,542198617,FaceStation 2 542198617 (192.168.8.205),All Users,200359,1:N authentication succeeded (Face)
2024-09-30 13:17:24,542198617,FaceStation 2 542198617 (192.168.8.205),All Users,200110,1:N authentication succeeded (Face)
2024-09-30 13:17:22,542198617,FaceStation 2 542198617 (192.168.8.205),All Users,200110,1:N authentication succeeded (Face)
2024-09-30 13:17:17,542198617,FaceStation 2 542198617 (192.168.8.205),All Users,200174,1:N authentication succeeded (Face)
2024-09-30 13:17:13,542198617,FaceStation 2 542198617 (192.168.8.205),All Users,200174,1:N authentication succeeded (Face)
2024-09-30 13:17:09,542198617,FaceStation 2 542198617 (192.168.8.205),All Users,200031,1:N authentication succeeded (Face)
2024-09-30 13:16:45,542198617,FaceStation 2 542198617 (192.168.8.205),All Users,200003,1:N authentication succeeded (Face)
2024-09-30 13:16:42,542198617,FaceStation 2 542198617 (192.168.8.205),All Users,200003,1:N authentication succeeded (Face)
2024-09-30 13:16:38,542198617,FaceStation 2 542198617 (192.168.8.205),All Users,200439,1:N authentication succeeded (Face)
2024-09-30 13:16:35,542198617,FaceStation 2 542198617 (192.168.8.205),All Users,200416,1:N authentication succeeded (Face)
2024-09-30 13:16:31,542198617,FaceStation 2 542198617 (192.168.8.205),All Users,200415,1:N authentication succeeded (Face)
2024-09-30 13:16:27,542198617,FaceStation 2 542198617 (192.168.8.205),All Users,200418,1:N authentication succeeded (Face)
2024-09-30 13:16:24,542198617,FaceStation 2 542198617 (192.168.8.205),All Users,200242,1:N authentication succeeded (Face)
2024-09-30 13:16:21,542198617,FaceStation 2 542198617 (192.168.8.205),All Users,200427,1:N authentication succeeded (Face)
2024-09-30 13:16:16,542198617,FaceStation 2 542198617 (192.168.8.205),All Users,200186,1:N authentication succeeded (Face)
2024-09-30 13:16:05,542198617,FaceStation 2 542198617 (192.168.8.205),All Users,200422,1:N authentication succeeded (Face)
2024-09-30 13:16:02,542198617,FaceStation 2 542198617 (192.168.8.205),All Users,200346,1:N authentication succeeded (Face)
2024-09-30 13:15:57,542198617,FaceStation 2 542198617 (192.168.8.205),All Users,200011,1:N authentication succeeded (Face)
2024-09-30 13:15:53,542198617,FaceStation 2 542198617 (192.168.8.205),All Users,200074,1:N authentication succeeded (Face)
2024-09-30 13:15:50,542198617,FaceStation 2 542198617 (192.168.8.205),All Users,200042,1:N authentication succeeded (Face)
2024-09-30 13:15:47,542198617,FaceStation 2 542198617 (192.168.8.205),All Users,200042,1:N authentication succeeded (Face)
2024-09-30 13:15:43,542198617,FaceStation 2 542198617 (192.168.8.205),All Users,200337,1:N authentication succeeded (Face)
2024-09-30 13:15:39,542198617,FaceStation 2 542198617 (192.168.8.205),All Users,200091,1:N authentication succeeded (Face)
2024-09-30 13:15:36,542198617,FaceStation 2 542198617 (192.168.8.205),All Users,200348,1:N authentication succeeded (Face)
2024-09-30 13:15:28,542198617,FaceStation 2 542198617 (192.168.8.205),All Users,200348,1:N authentication succeeded (Face)
2024-09-30 13:15:23,542198617,FaceStation 2 542198617 (192.168.8.205),All Users,200001,1:N authentication succeeded (Face)
2024-09-30 13:15:21,542198617,FaceStation 2 542198617 (192.168.8.205),All Users,200001,1:N authentication succeeded (Face)
2024-09-30 13:15:18,542198617,FaceStation 2 542198617 (192.168.8.205),All Users,200342,1:N authentication succeeded (Face)
2024-09-30 13:15:16,542198617,FaceStation 2 542198617 (192.168.8.205),All Users,200342,1:N authentication succeeded (Face)
2024-09-30 13:15:13,542198617,FaceStation 2 542198617 (192.168.8.205),All Users,200352,1:N authentication succeeded (Face)
2024-09-30 13:15:11,542198617,FaceStation 2 542198617 (192.168.8.205),All Users,200352,1:N authentication succeeded (Face)
2024-09-30 13:15:08,542198617,FaceStation 2 542198617 (192.168.8.205),All Users,200222,1:N authentication succeeded (Face)
2024-09-30 13:15:06,542198617,FaceStation 2 542198617 (192.168.8.205),All Users,200222,1:N authentication succeeded (Face)
2024-09-30 13:15:03,542198617,FaceStation 2 542198617 (192.168.8.205),All Users,200329,1:N authentication succeeded (Face)
2024-09-30 13:15:00,542198617,FaceStation 2 542198617 (192.168.8.205),All Users,200395,1:N authentication succeeded (Face)
2024-09-30 13:14:58,542198617,FaceStation 2 542198617 (192.168.8.205),All Users,200395,1:N authentication succeeded (Face)
2024-09-30 13:14:51,542198617,FaceStation 2 542198617 (192.168.8.205),All Users,200413,1:N authentication succeeded (Face)
2024-09-30 13:14:43,542198617,FaceStation 2 542198617 (192.168.8.205),All Users,200217,1:N authentication succeeded (Face)
2024-09-30 13:14:40,542198617,FaceStation 2 542198617 (192.168.8.205),All Users,200217,1:N authentication succeeded (Face)
2024-09-30 13:14:38,542198617,FaceStation 2 542198617 (192.168.8.205),All Users,200028,1:N authentication succeeded (Face)
2024-09-30 13:14:35,542198617,FaceStation 2 542198617 (192.168.8.205),All Users,200028,1:N authentication succeeded (Face)
2024-09-30 13:13:49,542198617,FaceStation 2 542198617 (192.168.8.205),All Users,200245,1:N authentication succeeded (Face)
2024-09-30 13:13:09,542198617,FaceStation 2 542198617 (192.168.8.205),All Users,200357,1:N authentication succeeded (Face)
2024-09-30 13:13:07,542198617,FaceStation 2 542198617 (192.168.8.205),All Users,200357,1:N authentication succeeded (Face)
2024-09-30 13:11:34,542198617,FaceStation 2 542198617 (192.168.8.205),All Users,200023,1:N authentication succeeded (Face)
2024-09-30 13:11:30,542198617,FaceStation 2 542198617 (192.168.8.205),All Users,200023,1:N authentication succeeded (Face)
2024-09-30 13:11:01,542198617,FaceStation 2 542198617 (192.168.8.205),All Users,200402,1:N authentication succeeded (Face)
2024-09-30 13:10:57,542198617,FaceStation 2 542198617 (192.168.8.205),All Users,200401,1:N authentication succeeded (Face)
2024-09-30 13:10:33,542198617,FaceStation 2 542198617 (192.168.8.205),All Users,200440,1:N authentication succeeded (Face)
2024-09-30 13:10:29,542198617,FaceStation 2 542198617 (192.168.8.205),All Users,200072,1:N authentication succeeded (Face)
2024-09-30 13:10:25,542198617,FaceStation 2 542198617 (192.168.8.205),All Users,200015,1:N authentication succeeded (Face)
2024-09-30 13:10:22,542198617,FaceStation 2 542198617 (192.168.8.205),All Users,200015,1:N authentication succeeded (Face)
2024-09-30 13:10:20,542198617,FaceStation 2 542198617 (192.168.8.205),All Users,200015,1:N authentication succeeded (Face)
2024-09-30 13:10:05,542198617,FaceStation 2 542198617 (192.168.8.205),All Users,200437,1:N authentication succeeded (Face)
2024-09-30 13:10:01,542198617,FaceStation 2 542198617 (192.168.8.205),All Users,200153,1:N authentication succeeded (Face)
2024-09-30 13:09:41,542198617,FaceStation 2 542198617 (192.168.8.205),All Users,200391,1:N authentication succeeded (Face)
2024-09-30 13:09:38,542198617,FaceStation 2 542198617 (192.168.8.205),All Users,200391,1:N authentication succeeded (Face)
2024-09-30 13:09:34,542198617,FaceStation 2 542198617 (192.168.8.205),All Users,200064,1:N authentication succeeded (Face)
2024-09-30 13:09:11,542198617,FaceStation 2 542198617 (192.168.8.205),All Users,200368,1:N authentication succeeded (Face)
2024-09-30 13:08:41,542198617,FaceStation 2 542198617 (192.168.8.205),All Users,200064,1:N authentication succeeded (Face)
2024-09-30 13:08:35,542198617,FaceStation 2 542198617 (192.168.8.205),All Users,200376,1:N authentication succeeded (Face)
2024-09-30 13:08:26,542198617,FaceStation 2 542198617 (192.168.8.205),All Users,200372,1:N authentication succeeded (Face)
2024-09-30 13:02:48,542198617,FaceStation 2 542198617 (192.168.8.205),All Users,200330,1:N authentication succeeded (Face)
2024-09-30 13:02:21,542198617,FaceStation 2 542198617 (192.168.8.205),All Users,200166,1:N authentication succeeded (Face)
2024-09-30 12:54:56,542198617,FaceStation 2 542198617 (192.168.8.205),All Users,200294,1:N authentication succeeded (Face)
2024-09-30 12:54:53,542198617,FaceStation 2 542198617 (192.168.8.205),All Users,200294,1:N authentication succeeded (Face)
2024-09-30 12:49:41,542198617,FaceStation 2 542198617 (192.168.8.205),All Users,200006,1:N authentication succeeded (Face)
2024-09-30 12:49:38,542198617,FaceStation 2 542198617 (192.168.8.205),All Users,200001,1:N authentication succeeded (Face)
2024-09-30 12:49:36,542198617,FaceStation 2 542198617 (192.168.8.205),All Users,200001,1:N authentication succeeded (Face)
2024-09-30 12:42:57,542198617,FaceStation 2 542198617 (192.168.8.205),All Users,200001,1:N authentication succeeded (Face)
2024-09-30 12:42:55,542198617,FaceStation 2 542198617 (192.168.8.205),All Users,200001,1:N authentication succeeded (Face)
2024-09-30 12:35:43,542198617,FaceStation 2 542198617 (192.168.8.205),All Users,200028,1:N authentication succeeded (Face)
2024-09-30 12:35:40,542198617,FaceStation 2 542198617 (192.168.8.205),All Users,200028,1:N authentication succeeded (Face)
2024-09-30 12:35:34,542198617,FaceStation 2 542198617 (192.168.8.205),All Users,200329,1:N authentication succeeded (Face)
2024-09-30 12:35:31,542198617,FaceStation 2 542198617 (192.168.8.205),All Users,200395,1:N authentication succeeded (Face)
2024-09-30 12:35:29,542198617,FaceStation 2 542198617 (192.168.8.205),All Users,200395,1:N authentication succeeded (Face)
2024-09-30 12:35:17,542198617,FaceStation 2 542198617 (192.168.8.205),All Users,200294,1:N authentication succeeded (Face)
2024-09-30 12:35:14,542198617,FaceStation 2 542198617 (192.168.8.205),All Users,200294,1:N authentication succeeded (Face)
2024-09-30 12:35:05,542198617,FaceStation 2 542198617 (192.168.8.205),All Users,200357,1:N authentication succeeded (Face)
2024-09-30 12:35:02,542198617,FaceStation 2 542198617 (192.168.8.205),All Users,200357,1:N authentication succeeded (Face)
2024-09-30 12:34:43,542198617,FaceStation 2 542198617 (192.168.8.205),All Users,200186,1:N authentication succeeded (Face)
2024-09-30 12:34:40,542198617,FaceStation 2 542198617 (192.168.8.205),All Users,993001024,1:N authentication succeeded (Face)
2024-09-30 12:34:28,542198617,FaceStation 2 542198617 (192.168.8.205),All Users,200153,1:N authentication succeeded (Face)
2024-09-30 12:34:25,542198617,FaceStation 2 542198617 (192.168.8.205),All Users,200174,1:N authentication succeeded (Face)
2024-09-30 12:34:22,542198617,FaceStation 2 542198617 (192.168.8.205),All Users,200174,1:N authentication succeeded (Face)
2024-09-30 12:34:20,542198617,FaceStation 2 542198617 (192.168.8.205),All Users,200367,1:N authentication succeeded (Face)
2024-09-30 12:33:52,542198617,FaceStation 2 542198617 (192.168.8.205),All Users,200437,1:N authentication succeeded (Face)
2024-09-30 12:33:48,542198617,FaceStation 2 542198617 (192.168.8.205),All Users,200422,1:N authentication succeeded (Face)
2024-09-30 12:33:07,542198617,FaceStation 2 542198617 (192.168.8.205),All Users,200413,1:N authentication succeeded (Face)
2024-09-30 12:33:05,542198617,FaceStation 2 542198617 (192.168.8.205),All Users,200413,1:N authentication succeeded (Face)
2024-09-30 12:32:44,542198617,FaceStation 2 542198617 (192.168.8.205),All Users,200011,1:N authentication succeeded (Face)
2024-09-30 12:32:41,542198617,FaceStation 2 542198617 (192.168.8.205),All Users,200011,1:N authentication succeeded (Face)
2024-09-30 12:32:35,542198617,FaceStation 2 542198617 (192.168.8.205),All Users,200064,1:N authentication succeeded (Face)
2024-09-30 12:32:29,542198617,FaceStation 2 542198617 (192.168.8.205),All Users,200064,1:N authentication succeeded (Face)
2024-09-30 12:32:24,542198617,FaceStation 2 542198617 (192.168.8.205),All Users,200074,1:N authentication succeeded (Face)
2024-09-30 12:32:20,542198617,FaceStation 2 542198617 (192.168.8.205),All Users,200042,1:N authentication succeeded (Face)
2024-09-30 12:32:18,542198617,FaceStation 2 542198617 (192.168.8.205),All Users,200042,1:N authentication succeeded (Face)
2024-09-30 12:32:14,542198617,FaceStation 2 542198617 (192.168.8.205),All Users,200330,1:N authentication succeeded (Face)
2024-09-30 12:31:57,542198617,FaceStation 2 542198617 (192.168.8.205),All Users,200166,1:N authentication succeeded (Face)
2024-09-30 12:31:47,542198617,FaceStation 2 542198617 (192.168.8.205),All Users,200003,1:N authentication succeeded (Face)
2024-09-30 12:31:44,542198617,FaceStation 2 542198617 (192.168.8.205),All Users,200003,1:N authentication succeeded (Face)
2024-09-30 12:31:25,542198617,FaceStation 2 542198617 (192.168.8.205),All Users,200091,1:N authentication succeeded (Face)
2024-09-30 12:31:03,542198617,FaceStation 2 542198617 (192.168.8.205),All Users,200337,1:N authentication succeeded (Face)
2024-09-30 12:30:45,542198617,FaceStation 2 542198617 (192.168.8.205),All Users,200391,1:N authentication succeeded (Face)
2024-09-30 12:30:41,542198617,FaceStation 2 542198617 (192.168.8.205),All Users,200439,1:N authentication succeeded (Face)
2024-09-30 12:30:36,542198617,FaceStation 2 542198617 (192.168.8.205),All Users,200415,1:N authentication succeeded (Face)
2024-09-30 12:30:33,542198617,FaceStation 2 542198617 (192.168.8.205),All Users,200416,1:N authentication succeeded (Face)
2024-09-30 12:30:26,542198617,FaceStation 2 542198617 (192.168.8.205),All Users,200359,1:N authentication succeeded (Face)
2024-09-30 12:30:13,542198617,FaceStation 2 542198617 (192.168.8.205),All Users,200368,1:N authentication succeeded (Face)
2024-09-30 12:30:09,542198617,FaceStation 2 542198617 (192.168.8.205),All Users,200242,1:N authentication succeeded (Face)
2024-09-30 12:30:06,542198617,FaceStation 2 542198617 (192.168.8.205),All Users,200153,1:N authentication succeeded (Face)
2024-09-30 12:30:01,542198617,FaceStation 2 542198617 (192.168.8.205),All Users,200346,1:N authentication succeeded (Face)
2024-09-30 12:29:58,542198617,FaceStation 2 542198617 (192.168.8.205),All Users,200427,1:N authentication succeeded (Face)
2024-09-30 12:29:54,542198617,FaceStation 2 542198617 (192.168.8.205),All Users,200015,1:N authentication succeeded (Face)
2024-09-30 12:29:52,542198617,FaceStation 2 542198617 (192.168.8.205),All Users,200015,1:N authentication succeeded (Face)
2024-09-30 12:29:49,542198617,FaceStation 2 542198617 (192.168.8.205),All Users,200015,1:N authentication succeeded (Face)
2024-09-30 12:29:43,542198617,FaceStation 2 542198617 (192.168.8.205),All Users,200066,1:N authentication succeeded (Face)
2024-09-30 12:29:40,542198617,FaceStation 2 542198617 (192.168.8.205),All Users,200352,1:N authentication succeeded (Face)
2024-09-30 12:29:37,542198617,FaceStation 2 542198617 (192.168.8.205),All Users,200222,1:N authentication succeeded (Face)
2024-09-30 12:29:33,542198617,FaceStation 2 542198617 (192.168.8.205),All Users,200418,1:N authentication succeeded (Face)
2024-09-30 12:29:30,542198617,FaceStation 2 542198617 (192.168.8.205),All Users,200348,1:N authentication succeeded (Face)
2024-09-30 12:29:28,542198617,FaceStation 2 542198617 (192.168.8.205),All Users,200348,1:N authentication succeeded (Face)
2024-09-30 12:29:24,542198617,FaceStation 2 542198617 (192.168.8.205),All Users,200342,1:N authentication succeeded (Face)
2024-09-30 12:29:21,542198617,FaceStation 2 542198617 (192.168.8.205),All Users,200440,1:N authentication succeeded (Face)
2024-09-30 12:29:18,542198617,FaceStation 2 542198617 (192.168.8.205),All Users,200072,1:N authentication succeeded (Face)
2024-09-30 12:29:15,542198617,FaceStation 2 542198617 (192.168.8.205),All Users,200434,1:N authentication succeeded (Face)
2024-09-30 12:29:08,542198617,FaceStation 2 542198617 (192.168.8.205),All Users,200425,1:N authentication succeeded (Face)
2024-09-30 12:29:03,542198617,FaceStation 2 542198617 (192.168.8.205),All Users,200023,1:N authentication succeeded (Face)
2024-09-30 12:29:00,542198617,FaceStation 2 542198617 (192.168.8.205),All Users,200023,1:N authentication succeeded (Face)
2024-09-30 12:28:56,542198617,FaceStation 2 542198617 (192.168.8.205),All Users,200385,1:N authentication succeeded (Face)
2024-09-30 12:28:53,542198617,FaceStation 2 542198617 (192.168.8.205),All Users,200372,1:N authentication succeeded (Face)
2024-09-30 12:28:50,542198617,FaceStation 2 542198617 (192.168.8.205),All Users,200031,1:N authentication succeeded (Face)
2024-09-30 12:28:48,542198617,FaceStation 2 542198617 (192.168.8.205),All Users,200376,1:N authentication succeeded (Face)
2024-09-30 12:28:36,542198617,FaceStation 2 542198617 (192.168.8.205),All Users,200110,1:N authentication succeeded (Face)
2024-09-30 12:28:32,542198617,FaceStation 2 542198617 (192.168.8.205),All Users,200401,1:N authentication succeeded (Face)
2024-09-30 12:28:29,542198617,FaceStation 2 542198617 (192.168.8.205),All Users,200402,1:N authentication succeeded (Face)
2024-09-30 12:28:25,542198617,FaceStation 2 542198617 (192.168.8.205),All Users,200245,1:N authentication succeeded (Face)
2024-09-30 12:28:23,542198617,FaceStation 2 542198617 (192.168.8.205),All Users,200245,1:N authentication succeeded (Face)
2024-09-30 10:53:45,542198617,FaceStation 2 542198617 (192.168.8.205),,,BioStar connected
2024-09-30 10:53:30,542198617,FaceStation 2 542198617 (192.168.8.205),All Users,993001024,1:N authentication succeeded (Face)
2024-09-30 10:09:17,542198617,FaceStation 2 542198617 (192.168.8.205),All Users,200342,1:N authentication succeeded (Face)
2024-09-30 10:09:14,542198617,FaceStation 2 542198617 (192.168.8.205),All Users,200342,1:N authentication succeeded (Face)
2024-09-30 09:25:20,542198617,FaceStation 2 542198617 (192.168.8.205),All Users,200346,1:N authentication succeeded (Face)
2024-09-30 09:25:18,542198617,FaceStation 2 542198617 (192.168.8.205),All Users,200346,1:N authentication succeeded (Face)
2024-09-30 09:25:15,542198617,FaceStation 2 542198617 (192.168.8.205),All Users,200346,1:N authentication succeeded (Face)
2024-09-30 08:21:24,542198617,FaceStation 2 542198617 (192.168.8.205),All Users,200385,1:N authentication succeeded (Face)
2024-09-30 08:21:20,542198617,FaceStation 2 542198617 (192.168.8.205),All Users,200385,1:N authentication succeeded (Face)
2024-09-30 08:17:11,542198617,FaceStation 2 542198617 (192.168.8.205),All Users,200066,1:N authentication succeeded (Face)
2024-09-30 08:14:51,542198617,FaceStation 2 542198617 (192.168.8.205),All Users,200166,1:N authentication succeeded (Face)
2024-09-30 08:14:39,542198617,FaceStation 2 542198617 (192.168.8.205),All Users,200064,1:N authentication succeeded (Face)
2024-09-30 08:10:23,542198617,FaceStation 2 542198617 (192.168.8.205),All Users,200425,1:N authentication succeeded (Face)
2024-09-30 08:07:37,542198617,FaceStation 2 542198617 (192.168.8.205),All Users,200359,1:N authentication succeeded (Face)
2024-09-30 08:07:28,542198617,FaceStation 2 542198617 (192.168.8.205),All Users,200359,1:N authentication succeeded (Face)
2024-09-30 08:07:24,542198617,FaceStation 2 542198617 (192.168.8.205),All Users,200359,1:N authentication succeeded (Face)
2024-09-30 08:07:16,542198617,FaceStation 2 542198617 (192.168.8.205),All Users,200401,1:N authentication succeeded (Face)
2024-09-30 08:07:13,542198617,FaceStation 2 542198617 (192.168.8.205),All Users,200413,1:N authentication succeeded (Face)
2024-09-30 08:07:10,542198617,FaceStation 2 542198617 (192.168.8.205),All Users,200166,1:N authentication succeeded (Face)
2024-09-30 08:07:00,542198617,FaceStation 2 542198617 (192.168.8.205),All Users,200415,1:N authentication succeeded (Face)
2024-09-30 08:06:58,542198617,FaceStation 2 542198617 (192.168.8.205),All Users,200415,1:N authentication succeeded (Face)
2024-09-30 08:06:55,542198617,FaceStation 2 542198617 (192.168.8.205),All Users,200416,1:N authentication succeeded (Face)
2024-09-30 08:06:52,542198617,FaceStation 2 542198617 (192.168.8.205),All Users,200416,1:N authentication succeeded (Face)
2024-09-30 08:06:41,542198617,FaceStation 2 542198617 (192.168.8.205),All Users,200217,1:N authentication succeeded (Face)
2024-09-30 08:06:39,542198617,FaceStation 2 542198617 (192.168.8.205),All Users,200217,1:N authentication succeeded (Face)
2024-09-30 08:06:35,542198617,FaceStation 2 542198617 (192.168.8.205),All Users,200031,1:N authentication succeeded (Face)
2024-09-30 08:06:26,542198617,FaceStation 2 542198617 (192.168.8.205),All Users,200074,1:N authentication succeeded (Face)
2024-09-30 08:06:02,542198617,FaceStation 2 542198617 (192.168.8.205),All Users,200402,1:N authentication succeeded (Face)
2024-09-30 08:05:52,542198617,FaceStation 2 542198617 (192.168.8.205),All Users,200174,1:N authentication succeeded (Face)
2024-09-30 08:05:50,542198617,FaceStation 2 542198617 (192.168.8.205),All Users,200174,1:N authentication succeeded (Face)
2024-09-30 08:05:33,542198617,FaceStation 2 542198617 (192.168.8.205),All Users,200391,1:N authentication succeeded (Face)
2024-09-30 08:05:30,542198617,FaceStation 2 542198617 (192.168.8.205),All Users,200391,1:N authentication succeeded (Face)
2024-09-30 08:05:15,542198617,FaceStation 2 542198617 (192.168.8.205),All Users,200352,1:N authentication succeeded (Face)
2024-09-30 08:05:12,542198617,FaceStation 2 542198617 (192.168.8.205),All Users,200352,1:N authentication succeeded (Face)
2024-09-30 08:05:10,542198617,FaceStation 2 542198617 (192.168.8.205),All Users,200222,1:N authentication succeeded (Face)
2024-09-30 08:05:07,542198617,FaceStation 2 542198617 (192.168.8.205),All Users,200222,1:N authentication succeeded (Face)
2024-09-30 08:01:38,542198617,FaceStation 2 542198617 (192.168.8.205),All Users,200072,1:N authentication succeeded (Face)
2024-09-30 08:00:55,542198617,FaceStation 2 542198617 (192.168.8.205),All Users,200427,1:N authentication succeeded (Face)
2024-09-30 08:00:53,542198617,FaceStation 2 542198617 (192.168.8.205),All Users,200427,1:N authentication succeeded (Face)
2024-09-30 08:00:39,542198617,FaceStation 2 542198617 (192.168.8.205),All Users,200329,1:N authentication succeeded (Face)
2024-09-30 07:59:36,542198617,FaceStation 2 542198617 (192.168.8.205),All Users,200153,1:N authentication succeeded (Face)
2024-09-30 07:59:32,542198617,FaceStation 2 542198617 (192.168.8.205),All Users,200110,1:N authentication succeeded (Face)
2024-09-30 07:59:30,542198617,FaceStation 2 542198617 (192.168.8.205),All Users,200110,1:N authentication succeeded (Face)
2024-09-30 07:59:23,542198617,FaceStation 2 542198617 (192.168.8.205),All Users,200434,1:N authentication succeeded (Face)
2024-09-30 07:58:22,542198617,FaceStation 2 542198617 (192.168.8.205),All Users,200395,1:N authentication succeeded (Face)
2024-09-30 07:58:19,542198617,FaceStation 2 542198617 (192.168.8.205),All Users,200395,1:N authentication succeeded (Face)
2024-09-30 07:57:47,542198617,FaceStation 2 542198617 (192.168.8.205),All Users,200001,1:N authentication succeeded (Face)
2024-09-30 07:57:45,542198617,FaceStation 2 542198617 (192.168.8.205),All Users,200001,1:N authentication succeeded (Face)
2024-09-30 07:57:40,542198617,FaceStation 2 542198617 (192.168.8.205),All Users,200186,1:N authentication succeeded (Face)
2024-09-30 07:57:18,542198617,FaceStation 2 542198617 (192.168.8.205),All Users,200437,1:N authentication succeeded (Face)
2024-09-30 07:56:38,542198617,FaceStation 2 542198617 (192.168.8.205),All Users,200422,1:N authentication succeeded (Face)
2024-09-30 07:56:29,542198617,FaceStation 2 542198617 (192.168.8.205),All Users,200440,1:N authentication succeeded (Face)
2024-09-30 07:56:25,542198617,FaceStation 2 542198617 (192.168.8.205),All Users,200440,1:N authentication succeeded (Face)
2024-09-30 07:56:21,542198617,FaceStation 2 542198617 (192.168.8.205),All Users,200023,1:N authentication succeeded (Face)
2024-09-30 07:56:19,542198617,FaceStation 2 542198617 (192.168.8.205),All Users,200023,1:N authentication succeeded (Face)
2024-09-30 07:56:09,542198617,FaceStation 2 542198617 (192.168.8.205),All Users,200028,1:N authentication succeeded (Face)
2024-09-30 07:56:07,542198617,FaceStation 2 542198617 (192.168.8.205),All Users,200028,1:N authentication succeeded (Face)
2024-09-30 07:55:34,542198617,FaceStation 2 542198617 (192.168.8.205),All Users,200372,1:N authentication succeeded (Face)
2024-09-30 07:55:31,542198617,FaceStation 2 542198617 (192.168.8.205),All Users,200372,1:N authentication succeeded (Face)
2024-09-30 07:54:55,542198617,FaceStation 2 542198617 (192.168.8.205),All Users,200418,1:N authentication succeeded (Face)
2024-09-30 07:53:56,542198617,FaceStation 2 542198617 (192.168.8.205),All Users,200015,1:N authentication succeeded (Face)
2024-09-30 07:53:54,542198617,FaceStation 2 542198617 (192.168.8.205),All Users,200015,1:N authentication succeeded (Face)
2024-09-30 07:53:51,542198617,FaceStation 2 542198617 (192.168.8.205),All Users,200015,1:N authentication succeeded (Face)
2024-09-30 07:52:08,542198617,FaceStation 2 542198617 (192.168.8.205),All Users,200011,1:N authentication succeeded (Face)
2024-09-30 07:52:06,542198617,FaceStation 2 542198617 (192.168.8.205),All Users,200011,1:N authentication succeeded (Face)
2024-09-30 07:51:13,542198617,FaceStation 2 542198617 (192.168.8.205),All Users,200330,1:N authentication succeeded (Face)
2024-09-30 07:50:45,542198617,FaceStation 2 542198617 (192.168.8.205),All Users,200439,1:N authentication succeeded (Face)
2024-09-30 07:50:41,542198617,FaceStation 2 542198617 (192.168.8.205),All Users,200439,1:N authentication succeeded (Face)
2024-09-30 07:49:56,542198617,FaceStation 2 542198617 (192.168.8.205),All Users,200376,1:N authentication succeeded (Face)
2024-09-30 07:48:54,542198617,FaceStation 2 542198617 (192.168.8.205),All Users,200357,1:N authentication succeeded (Face)
2024-09-30 07:48:51,542198617,FaceStation 2 542198617 (192.168.8.205),All Users,200357,1:N authentication succeeded (Face)
2024-09-30 07:48:48,542198617,FaceStation 2 542198617 (192.168.8.205),All Users,200348,1:N authentication succeeded (Face)
2024-09-30 07:48:45,542198617,FaceStation 2 542198617 (192.168.8.205),All Users,200348,1:N authentication succeeded (Face)
2024-09-30 07:48:40,542198617,FaceStation 2 542198617 (192.168.8.205),All Users,200091,1:N authentication succeeded (Face)
2024-09-30 07:48:38,542198617,FaceStation 2 542198617 (192.168.8.205),All Users,200091,1:N authentication succeeded (Face)
2024-09-30 07:48:06,542198617,FaceStation 2 542198617 (192.168.8.205),All Users,200408,1:N authentication succeeded (Face)
2024-09-30 07:47:59,542198617,FaceStation 2 542198617 (192.168.8.205),All Users,200245,1:N authentication succeeded (Face)
2024-09-30 07:47:57,542198617,FaceStation 2 542198617 (192.168.8.205),All Users,200245,1:N authentication succeeded (Face)
2024-09-30 07:47:53,542198617,FaceStation 2 542198617 (192.168.8.205),All Users,200367,1:N authentication succeeded (Face)
2024-09-30 07:47:51,542198617,FaceStation 2 542198617 (192.168.8.205),All Users,200367,1:N authentication succeeded (Face)
2024-09-30 07:46:19,542198617,FaceStation 2 542198617 (192.168.8.205),All Users,200242,1:N authentication succeeded (Face)
2024-09-30 07:45:29,542198617,FaceStation 2 542198617 (192.168.8.205),All Users,200294,1:N authentication succeeded (Face)
2024-09-30 07:45:26,542198617,FaceStation 2 542198617 (192.168.8.205),All Users,200294,1:N authentication succeeded (Face)
2024-09-30 07:45:21,542198617,FaceStation 2 542198617 (192.168.8.205),All Users,200042,1:N authentication succeeded (Face)
2024-09-30 07:45:19,542198617,FaceStation 2 542198617 (192.168.8.205),All Users,200042,1:N authentication succeeded (Face)
2024-09-30 07:27:16,542198617,FaceStation 2 542198617 (192.168.8.205),All Users,200368,1:N authentication succeeded (Face)
2024-09-30 07:27:14,542198617,FaceStation 2 542198617 (192.168.8.205),All Users,200368,1:N authentication succeeded (Face)
2024-09-30 07:25:05,542198617,FaceStation 2 542198617 (192.168.8.205),All Users,200337,1:N authentication succeeded (Face)
2024-09-30 07:25:01,542198617,FaceStation 2 542198617 (192.168.8.205),All Users,200337,1:N authentication succeeded (Face)
2024-09-30 06:49:45,542198617,FaceStation 2 542198617 (192.168.8.205),All Users,200003,1:N authentication succeeded (Face)
2024-09-30 06:49:43,542198617,FaceStation 2 542198617 (192.168.8.205),All Users,200003,1:N authentication succeeded (Face)
2024-09-30 06:43:25,542198617,FaceStation 2 542198617 (192.168.8.205),All Users,200389,1:N authentication succeeded (Face)
2024-09-30 06:43:23,542198617,FaceStation 2 542198617 (192.168.8.205),All Users,200389,1:N authentication succeeded (Face)
2024-09-30 06:43:20,542198617,FaceStation 2 542198617 (192.168.8.205),All Users,200389,1:N authentication succeeded (Face)
2024-09-30 06:36:08,542198617,FaceStation 2 542198617 (192.168.8.205),All Users,200389,1:N authentication succeeded (Face)
2024-09-30 06:36:06,542198617,FaceStation 2 542198617 (192.168.8.205),All Users,200389,1:N authentication succeeded (Face)
2024-09-30 06:36:03,542198617,FaceStation 2 542198617 (192.168.8.205),All Users,200389,1:N authentication succeeded (Face)
2024-09-30 06:36:01,542198617,FaceStation 2 542198617 (192.168.8.205),All Users,200389,1:N authentication succeeded (Face)
2024-09-30 06:35:58,542198617,FaceStation 2 542198617 (192.168.8.205),All Users,200389,1:N authentication succeeded (Face)
